,ctx-lh-7Networks_LH_Vis_1,ctx-lh-7Networks_LH_Vis_2,ctx-lh-7Networks_LH_Vis_3,ctx-lh-7Networks_LH_Vis_4,ctx-lh-7Networks_LH_Vis_5,ctx-lh-7Networks_LH_Vis_6,ctx-lh-7Networks_LH_Vis_7,ctx-lh-7Networks_LH_Vis_8,ctx-lh-7Networks_LH_Vis_9,ctx-lh-7Networks_LH_Vis_10,ctx-lh-7Networks_LH_Vis_11,ctx-lh-7Networks_LH_Vis_12,ctx-lh-7Networks_LH_Vis_13,ctx-lh-7Networks_LH_Vis_14,ctx-lh-7Networks_LH_Vis_15,ctx-lh-7Networks_LH_Vis_16,ctx-lh-7Networks_LH_Vis_17,ctx-lh-7Networks_LH_Vis_18,ctx-lh-7Networks_LH_Vis_19,ctx-lh-7Networks_LH_Vis_20,ctx-lh-7Networks_LH_Vis_21,ctx-lh-7Networks_LH_Vis_22,ctx-lh-7Networks_LH_Vis_23,ctx-lh-7Networks_LH_Vis_24,ctx-lh-7Networks_LH_SomMot_1,ctx-lh-7Networks_LH_SomMot_2,ctx-lh-7Networks_LH_SomMot_3,ctx-lh-7Networks_LH_SomMot_4,ctx-lh-7Networks_LH_SomMot_5,ctx-lh-7Networks_LH_SomMot_6,ctx-lh-7Networks_LH_SomMot_7,ctx-lh-7Networks_LH_SomMot_8,ctx-lh-7Networks_LH_SomMot_9,ctx-lh-7Networks_LH_SomMot_10,ctx-lh-7Networks_LH_SomMot_11,ctx-lh-7Networks_LH_SomMot_12,ctx-lh-7Networks_LH_SomMot_13,ctx-lh-7Networks_LH_SomMot_14,ctx-lh-7Networks_LH_SomMot_15,ctx-lh-7Networks_LH_SomMot_16,ctx-lh-7Networks_LH_SomMot_17,ctx-lh-7Networks_LH_SomMot_18,ctx-lh-7Networks_LH_SomMot_19,ctx-lh-7Networks_LH_SomMot_20,ctx-lh-7Networks_LH_SomMot_21,ctx-lh-7Networks_LH_SomMot_22,ctx-lh-7Networks_LH_SomMot_23,ctx-lh-7Networks_LH_SomMot_24,ctx-lh-7Networks_LH_SomMot_25,ctx-lh-7Networks_LH_SomMot_26,ctx-lh-7Networks_LH_SomMot_27,ctx-lh-7Networks_LH_SomMot_28,ctx-lh-7Networks_LH_SomMot_29,ctx-lh-7Networks_LH_DorsAttn_Post_1,ctx-lh-7Networks_LH_DorsAttn_Post_2,ctx-lh-7Networks_LH_DorsAttn_Post_3,ctx-lh-7Networks_LH_DorsAttn_Post_4,ctx-lh-7Networks_LH_DorsAttn_Post_5,ctx-lh-7Networks_LH_DorsAttn_Post_6,ctx-lh-7Networks_LH_DorsAttn_Post_7,ctx-lh-7Networks_LH_DorsAttn_Post_8,ctx-lh-7Networks_LH_DorsAttn_Post_9,ctx-lh-7Networks_LH_DorsAttn_Post_10,ctx-lh-7Networks_LH_DorsAttn_Post_11,ctx-lh-7Networks_LH_DorsAttn_Post_12,ctx-lh-7Networks_LH_DorsAttn_FEF_1,ctx-lh-7Networks_LH_DorsAttn_FEF_2,ctx-lh-7Networks_LH_DorsAttn_FEF_3,ctx-lh-7Networks_LH_DorsAttn_PrCv_1,ctx-lh-7Networks_LH_SalVentAttn_ParOper_1,ctx-lh-7Networks_LH_SalVentAttn_ParOper_2,ctx-lh-7Networks_LH_SalVentAttn_ParOper_3,ctx-lh-7Networks_LH_SalVentAttn_TempOcc_1,ctx-lh-7Networks_LH_SalVentAttn_FrOperIns_1,ctx-lh-7Networks_LH_SalVentAttn_FrOperIns_2,ctx-lh-7Networks_LH_SalVentAttn_FrOperIns_3,ctx-lh-7Networks_LH_SalVentAttn_FrOperIns_4,ctx-lh-7Networks_LH_SalVentAttn_FrOperIns_5,ctx-lh-7Networks_LH_SalVentAttn_FrOperIns_6,ctx-lh-7Networks_LH_SalVentAttn_FrOperIns_7,ctx-lh-7Networks_LH_SalVentAttn_PFCl_1,ctx-lh-7Networks_LH_SalVentAttn_Med_1,ctx-lh-7Networks_LH_SalVentAttn_Med_2,ctx-lh-7Networks_LH_SalVentAttn_Med_3,ctx-lh-7Networks_LH_SalVentAttn_Med_4,ctx-lh-7Networks_LH_Limbic_OFC_1,ctx-lh-7Networks_LH_Limbic_OFC_2,ctx-lh-7Networks_LH_Limbic_OFC_3,ctx-lh-7Networks_LH_Limbic_TempPole_1,ctx-lh-7Networks_LH_Limbic_TempPole_2,ctx-lh-7Networks_LH_Limbic_TempPole_3,ctx-lh-7Networks_LH_Limbic_TempPole_4,ctx-lh-7Networks_LH_Limbic_TempPole_5,ctx-lh-7Networks_LH_Limbic_TempPole_6,ctx-lh-7Networks_LH_Limbic_TempPole_7,ctx-lh-7Networks_LH_Cont_Par_1,ctx-lh-7Networks_LH_Cont_Par_2,ctx-lh-7Networks_LH_Cont_Par_3,ctx-lh-7Networks_LH_Cont_Par_4,ctx-lh-7Networks_LH_Cont_Temp_1,ctx-lh-7Networks_LH_Cont_OFC_1,ctx-lh-7Networks_LH_Cont_PFCl_1,ctx-lh-7Networks_LH_Cont_PFCl_2,ctx-lh-7Networks_LH_Cont_PFCl_3,ctx-lh-7Networks_LH_Cont_PFCl_4,ctx-lh-7Networks_LH_Cont_PFCl_5,ctx-lh-7Networks_LH_Cont_PFCl_6,ctx-lh-7Networks_LH_Cont_pCun_1,ctx-lh-7Networks_LH_Cont_pCun_2,ctx-lh-7Networks_LH_Cont_Cing_1,ctx-lh-7Networks_LH_Cont_Cing_2,ctx-lh-7Networks_LH_Cont_PFCmp_1,ctx-lh-7Networks_LH_Default_Temp_1,ctx-lh-7Networks_LH_Default_Temp_2,ctx-lh-7Networks_LH_Default_Temp_3,ctx-lh-7Networks_LH_Default_Temp_4,ctx-lh-7Networks_LH_Default_Temp_5,ctx-lh-7Networks_LH_Default_Temp_6,ctx-lh-7Networks_LH_Default_Temp_7,ctx-lh-7Networks_LH_Default_Temp_8,ctx-lh-7Networks_LH_Default_Par_1,ctx-lh-7Networks_LH_Default_Par_2,ctx-lh-7Networks_LH_Default_Par_3,ctx-lh-7Networks_LH_Default_Par_4,ctx-lh-7Networks_LH_Default_PFC_1,ctx-lh-7Networks_LH_Default_PFC_2,ctx-lh-7Networks_LH_Default_PFC_3,ctx-lh-7Networks_LH_Default_PFC_4,ctx-lh-7Networks_LH_Default_PFC_5,ctx-lh-7Networks_LH_Default_PFC_6,ctx-lh-7Networks_LH_Default_PFC_7,ctx-lh-7Networks_LH_Default_PFC_8,ctx-lh-7Networks_LH_Default_PFC_9,ctx-lh-7Networks_LH_Default_PFC_10,ctx-lh-7Networks_LH_Default_PFC_11,ctx-lh-7Networks_LH_Default_PFC_12,ctx-lh-7Networks_LH_Default_PFC_13,ctx-lh-7Networks_LH_Default_PFC_14,ctx-lh-7Networks_LH_Default_PFC_15,ctx-lh-7Networks_LH_Default_PFC_16,ctx-lh-7Networks_LH_Default_PFC_17,ctx-lh-7Networks_LH_Default_PFC_18,ctx-lh-7Networks_LH_Default_pCunPCC_1,ctx-lh-7Networks_LH_Default_pCunPCC_2,ctx-lh-7Networks_LH_Default_pCunPCC_3,ctx-lh-7Networks_LH_Default_pCunPCC_4,ctx-lh-7Networks_LH_Default_pCunPCC_5,ctx-lh-7Networks_LH_Default_pCunPCC_6,ctx-lh-7Networks_LH_Default_pCunPCC_7,ctx-lh-7Networks_LH_Default_pCunPCC_8,ctx-rh-7Networks_RH_Vis_1,ctx-rh-7Networks_RH_Vis_2,ctx-rh-7Networks_RH_Vis_3,ctx-rh-7Networks_RH_Vis_4,ctx-rh-7Networks_RH_Vis_5,ctx-rh-7Networks_RH_Vis_6,ctx-rh-7Networks_RH_Vis_7,ctx-rh-7Networks_RH_Vis_8,ctx-rh-7Networks_RH_Vis_9,ctx-rh-7Networks_RH_Vis_10,ctx-rh-7Networks_RH_Vis_11,ctx-rh-7Networks_RH_Vis_12,ctx-rh-7Networks_RH_Vis_13,ctx-rh-7Networks_RH_Vis_14,ctx-rh-7Networks_RH_Vis_15,ctx-rh-7Networks_RH_Vis_16,ctx-rh-7Networks_RH_Vis_17,ctx-rh-7Networks_RH_Vis_18,ctx-rh-7Networks_RH_Vis_19,ctx-rh-7Networks_RH_Vis_20,ctx-rh-7Networks_RH_Vis_21,ctx-rh-7Networks_RH_Vis_22,ctx-rh-7Networks_RH_Vis_23,ctx-rh-7Networks_RH_SomMot_1,ctx-rh-7Networks_RH_SomMot_2,ctx-rh-7Networks_RH_SomMot_3,ctx-rh-7Networks_RH_SomMot_4,ctx-rh-7Networks_RH_SomMot_5,ctx-rh-7Networks_RH_SomMot_6,ctx-rh-7Networks_RH_SomMot_7,ctx-rh-7Networks_RH_SomMot_8,ctx-rh-7Networks_RH_SomMot_9,ctx-rh-7Networks_RH_SomMot_10,ctx-rh-7Networks_RH_SomMot_11,ctx-rh-7Networks_RH_SomMot_12,ctx-rh-7Networks_RH_SomMot_13,ctx-rh-7Networks_RH_SomMot_14,ctx-rh-7Networks_RH_SomMot_15,ctx-rh-7Networks_RH_SomMot_16,ctx-rh-7Networks_RH_SomMot_17,ctx-rh-7Networks_RH_SomMot_18,ctx-rh-7Networks_RH_SomMot_19,ctx-rh-7Networks_RH_SomMot_20,ctx-rh-7Networks_RH_SomMot_21,ctx-rh-7Networks_RH_SomMot_22,ctx-rh-7Networks_RH_SomMot_23,ctx-rh-7Networks_RH_SomMot_24,ctx-rh-7Networks_RH_SomMot_25,ctx-rh-7Networks_RH_SomMot_26,ctx-rh-7Networks_RH_SomMot_27,ctx-rh-7Networks_RH_SomMot_28,ctx-rh-7Networks_RH_DorsAttn_Post_1,ctx-rh-7Networks_RH_DorsAttn_Post_2,ctx-rh-7Networks_RH_DorsAttn_Post_3,ctx-rh-7Networks_RH_DorsAttn_Post_4,ctx-rh-7Networks_RH_DorsAttn_Post_5,ctx-rh-7Networks_RH_DorsAttn_Post_6,ctx-rh-7Networks_RH_DorsAttn_Post_7,ctx-rh-7Networks_RH_DorsAttn_Post_8,ctx-rh-7Networks_RH_DorsAttn_Post_9,ctx-rh-7Networks_RH_DorsAttn_Post_10,ctx-rh-7Networks_RH_DorsAttn_Post_11,ctx-rh-7Networks_RH_DorsAttn_Post_12,ctx-rh-7Networks_RH_DorsAttn_Post_13,ctx-rh-7Networks_RH_DorsAttn_Post_14,ctx-rh-7Networks_RH_DorsAttn_FEF_1,ctx-rh-7Networks_RH_DorsAttn_FEF_2,ctx-rh-7Networks_RH_DorsAttn_FEF_3,ctx-rh-7Networks_RH_DorsAttn_PrCv_1,ctx-rh-7Networks_RH_SalVentAttn_TempOccPar_1,ctx-rh-7Networks_RH_SalVentAttn_TempOccPar_2,ctx-rh-7Networks_RH_SalVentAttn_TempOccPar_3,ctx-rh-7Networks_RH_SalVentAttn_TempOccPar_4,ctx-rh-7Networks_RH_SalVentAttn_TempOccPar_5,ctx-rh-7Networks_RH_SalVentAttn_PrC_1,ctx-rh-7Networks_RH_SalVentAttn_FrOperIns_1,ctx-rh-7Networks_RH_SalVentAttn_FrOperIns_2,ctx-rh-7Networks_RH_SalVentAttn_FrOperIns_3,ctx-rh-7Networks_RH_SalVentAttn_FrOperIns_4,ctx-rh-7Networks_RH_SalVentAttn_FrOperIns_5,ctx-rh-7Networks_RH_SalVentAttn_FrOperIns_6,ctx-rh-7Networks_RH_SalVentAttn_Med_1,ctx-rh-7Networks_RH_SalVentAttn_Med_2,ctx-rh-7Networks_RH_SalVentAttn_Med_3,ctx-rh-7Networks_RH_SalVentAttn_Med_4,ctx-rh-7Networks_RH_SalVentAttn_Med_5,ctx-rh-7Networks_RH_SalVentAttn_Med_6,ctx-rh-7Networks_RH_Limbic_OFC_1,ctx-rh-7Networks_RH_Limbic_OFC_2,ctx-rh-7Networks_RH_Limbic_OFC_3,ctx-rh-7Networks_RH_Limbic_OFC_4,ctx-rh-7Networks_RH_Limbic_TempPole_1,ctx-rh-7Networks_RH_Limbic_TempPole_2,ctx-rh-7Networks_RH_Limbic_TempPole_3,ctx-rh-7Networks_RH_Limbic_TempPole_4,ctx-rh-7Networks_RH_Limbic_TempPole_5,ctx-rh-7Networks_RH_Limbic_TempPole_6,ctx-rh-7Networks_RH_Cont_Par_1,ctx-rh-7Networks_RH_Cont_Par_2,ctx-rh-7Networks_RH_Cont_Par_3,ctx-rh-7Networks_RH_Cont_Temp_1,ctx-rh-7Networks_RH_Cont_PFCv_1,ctx-rh-7Networks_RH_Cont_PFCl_1,ctx-rh-7Networks_RH_Cont_PFCl_2,ctx-rh-7Networks_RH_Cont_PFCl_3,ctx-rh-7Networks_RH_Cont_PFCl_4,ctx-rh-7Networks_RH_Cont_PFCl_5,ctx-rh-7Networks_RH_Cont_PFCl_6,ctx-rh-7Networks_RH_Cont_PFCl_7,ctx-rh-7Networks_RH_Cont_PFCl_8,ctx-rh-7Networks_RH_Cont_PFCl_9,ctx-rh-7Networks_RH_Cont_PFCl_10,ctx-rh-7Networks_RH_Cont_PFCl_11,ctx-rh-7Networks_RH_Cont_PFCl_12,ctx-rh-7Networks_RH_Cont_pCun_1,ctx-rh-7Networks_RH_Cont_pCun_2,ctx-rh-7Networks_RH_Cont_Cing_1,ctx-rh-7Networks_RH_Cont_Cing_2,ctx-rh-7Networks_RH_Cont_PFCmp_1,ctx-rh-7Networks_RH_Cont_PFCmp_2,ctx-rh-7Networks_RH_Default_Par_1,ctx-rh-7Networks_RH_Default_Par_2,ctx-rh-7Networks_RH_Default_Par_3,ctx-rh-7Networks_RH_Default_Par_4,ctx-rh-7Networks_RH_Default_Par_5,ctx-rh-7Networks_RH_Default_Temp_1,ctx-rh-7Networks_RH_Default_Temp_2,ctx-rh-7Networks_RH_Default_Temp_3,ctx-rh-7Networks_RH_Default_Temp_4,ctx-rh-7Networks_RH_Default_Temp_5,ctx-rh-7Networks_RH_Default_Temp_6,ctx-rh-7Networks_RH_Default_PFCv_1,ctx-rh-7Networks_RH_Default_PFCv_2,ctx-rh-7Networks_RH_Default_PFCv_3,ctx-rh-7Networks_RH_Default_PFCdPFCm_1,ctx-rh-7Networks_RH_Default_PFCdPFCm_2,ctx-rh-7Networks_RH_Default_PFCdPFCm_3,ctx-rh-7Networks_RH_Default_PFCdPFCm_4,ctx-rh-7Networks_RH_Default_PFCdPFCm_5,ctx-rh-7Networks_RH_Default_PFCdPFCm_6,ctx-rh-7Networks_RH_Default_PFCdPFCm_7,ctx-rh-7Networks_RH_Default_PFCdPFCm_8,ctx-rh-7Networks_RH_Default_PFCdPFCm_9,ctx-rh-7Networks_RH_Default_PFCdPFCm_10,ctx-rh-7Networks_RH_Default_pCunPCC_1,ctx-rh-7Networks_RH_Default_pCunPCC_2,ctx-rh-7Networks_RH_Default_pCunPCC_3,ctx-rh-7Networks_RH_Default_pCunPCC_4,ctx-rh-7Networks_RH_Default_pCunPCC_5,ctx-rh-7Networks_RH_Default_pCunPCC_6
ctx-lh-7Networks_LH_Vis_1,,0.012,-0.133,-0.037,-0.083,-0.131,-0.031,-0.117,-0.078,-0.053,0.006,0.008,-0.123,0.003,-0.073,0.031,0.027,-0.073,-0.08,-0.004,-0.017,-0.158,-0.041,0.034,0.124,0.017,0.068,-0.009,0.025,-0.035,-0.008,-0.055,0.04,0.078,0.035,0.012,0.087,0.055,0.062,0.075,-0.059,0.144,0.091,0.088,0.091,0.015,0.066,0.068,0.143,0.09,0.129,0.004,0.127,0.04,-0.109,-0.041,0.02,-0.058,0.114,0.106,0.132,0.059,0.083,0.097,0.074,0.11,0.044,0.095,0.021,-0.101,-0.011,0.023,-0.083,0.018,-0.024,-0.075,-0.019,0.018,-0.045,0.024,-0.011,0.007,0.155,0.045,0.053,0.032,-0.008,0.029,-0.046,-0.01,-0.071,0.06,-0.1,0.044,-0.046,0.142,0.101,0.128,0.065,0.062,-0.035,-0.021,-0.0,0.011,0.098,0.049,-0.024,0.161,0.021,0.104,-0.047,0.087,-0.077,0.064,-0.183,-0.216,-0.112,-0.068,-0.133,-0.131,0.019,0.112,-0.045,0.168,0.061,-0.008,-0.066,0.034,-0.07,-0.079,0.027,-0.072,-0.048,0.024,0.052,0.075,0.018,0.092,-0.009,0.158,0.092,-0.004,0.041,0.055,0.122,0.104,0.091,0.138,0.087,0.116,-0.096,-0.029,-0.121,-0.151,-0.097,-0.038,-0.003,-0.093,0.004,0.022,-0.029,-0.08,-0.068,-0.104,0.002,-0.039,-0.086,-0.109,-0.125,0.081,-0.121,-0.135,-0.057,0.021,-0.023,-0.017,0.031,0.102,-0.06,0.087,-0.009,-0.055,0.019,0.027,0.025,-0.004,-0.021,-0.063,0.091,0.002,-0.008,0.056,-0.024,0.176,0.185,0.057,0.082,0.04,0.09,0.099,0.055,-0.029,-0.011,-0.041,-0.033,0.034,0.071,-0.034,-0.036,0.029,0.068,-0.06,0.001,0.07,0.025,0.044,0.077,0.08,-0.086,0.024,-0.001,0.045,0.02,0.113,0.007,0.007,-0.01,-0.077,-0.07,-0.088,-0.01,0.029,0.124,0.112,0.124,0.045,0.004,0.113,-0.003,-0.007,0.103,-0.051,-0.016,0.004,0.06,-0.101,-0.098,0.051,0.124,0.004,0.088,-0.036,-0.012,-0.041,-0.115,0.009,-0.007,-0.014,-0.009,-0.068,-0.138,0.109,0.055,0.102,0.083,0.089,0.012,0.056,0.014,-0.007,0.004,0.062,0.015,0.148,0.118,-0.082,-0.007,-0.098,-0.147,-0.051,-0.124,-0.03,-0.104,-0.067,-0.006,0.001,0.019,-0.019,0.012,-0.105,0.081,0.034,0.128,-0.03,0.059,0.064,0.093,0.078,0.069,0.119
ctx-lh-7Networks_LH_Vis_2,,,0.009,-0.052,-0.052,-0.038,0.042,0.002,-0.053,-0.098,0.014,0.146,0.121,-0.005,-0.067,-0.018,0.05,0.078,0.014,0.029,-0.016,-0.048,0.017,0.067,-0.002,-0.072,-0.047,-0.047,-0.173,-0.121,-0.1,-0.196,-0.063,-0.099,-0.122,-0.059,-0.088,-0.072,-0.06,-0.072,-0.159,-0.026,-0.031,-0.157,-0.066,-0.179,0.003,-0.064,0.026,-0.119,-0.015,-0.117,-0.072,0.109,0.058,0.07,0.014,0.016,-0.068,0.091,-0.068,0.043,0.022,0.045,-0.04,-0.028,-0.033,-0.044,-0.025,-0.148,-0.073,-0.06,-0.048,0.0,-0.048,-0.067,-0.151,-0.148,-0.153,-0.093,-0.101,-0.052,0.077,-0.088,-0.117,-0.019,0.067,-0.049,0.059,-0.054,-0.005,0.096,-0.095,0.098,0.058,0.12,0.089,0.117,0.013,-0.025,-0.063,-0.068,0.006,-0.016,-0.004,0.012,0.023,0.213,-0.01,0.123,-0.041,0.05,-0.032,0.066,-0.135,-0.252,-0.073,-0.029,-0.108,-0.083,-0.1,0.029,-0.037,0.052,-0.001,0.022,-0.119,0.014,-0.051,-0.072,-0.001,-0.088,-0.016,0.075,-0.034,-0.031,-0.037,0.065,-0.053,0.05,-0.042,-0.106,-0.005,-0.055,-0.008,0.021,0.126,0.055,-0.014,0.067,0.025,-0.033,-0.082,-0.07,-0.059,0.049,-0.018,-0.101,0.075,-0.021,0.121,0.065,0.031,-0.027,0.009,0.003,-0.004,0.052,-0.036,0.02,-0.01,0.035,0.058,-0.007,-0.102,-0.084,-0.012,0.005,-0.062,-0.022,-0.142,-0.112,-0.115,-0.01,-0.094,-0.101,0.096,-0.069,-0.017,-0.206,-0.04,0.012,-0.102,-0.031,-0.083,-0.061,-0.056,-0.041,-0.059,-0.047,-0.032,0.129,0.097,0.038,0.091,0.1,-0.057,0.082,0.075,-0.072,0.115,0.006,0.01,-0.06,-0.079,-0.005,-0.031,-0.085,-0.045,0.11,-0.136,0.037,-0.005,0.021,0.01,-0.04,0.001,-0.019,-0.109,-0.172,-0.009,-0.014,0.074,0.053,-0.003,-0.032,-0.073,0.085,0.08,-0.024,-0.007,0.083,0.068,0.035,0.067,-0.018,0.032,0.022,0.161,0.127,0.13,0.033,0.023,-0.017,0.021,0.025,0.066,0.011,-0.014,-0.106,0.063,0.075,0.16,0.11,0.17,0.105,0.139,0.114,0.102,-0.011,-0.02,-0.056,-0.042,0.077,0.034,-0.008,-0.062,-0.154,-0.018,-0.01,-0.125,-0.042,-0.08,-0.046,0.013,-0.05,0.061,-0.047,-0.065,-0.001,0.008,-0.003,0.059,-0.025,-0.036,-0.032,-0.007,0.062,0.066,-0.008
ctx-lh-7Networks_LH_Vis_3,,,,-0.09,-0.15,-0.192,-0.026,-0.143,-0.063,-0.15,-0.007,-0.022,-0.163,0.009,-0.226,0.032,-0.054,-0.246,-0.252,-0.104,-0.131,-0.297,-0.223,-0.128,0.056,0.04,-0.002,-0.047,0.042,0.004,0.001,0.072,0.07,0.004,0.071,0.038,-0.006,0.069,0.015,0.015,-0.009,0.114,0.088,0.051,0.083,0.034,-0.027,0.1,0.125,0.075,0.147,0.045,0.132,-0.09,-0.117,0.026,-0.074,-0.108,0.108,0.012,0.115,0.069,0.033,0.027,0.155,0.07,-0.029,0.212,-0.002,0.016,0.086,0.075,-0.01,0.138,0.057,0.057,0.106,0.172,0.053,0.113,0.112,0.112,0.122,0.146,0.088,0.025,0.1,0.007,0.013,0.051,-0.006,-0.007,-0.0,0.068,0.06,0.074,0.041,0.167,0.061,0.081,-0.064,-0.022,0.098,0.075,0.032,0.026,-0.057,0.034,0.126,0.092,-0.098,0.093,-0.003,0.164,-0.053,-0.098,-0.07,0.014,-0.062,-0.013,0.057,-0.026,-0.028,0.069,0.125,0.045,0.032,-0.089,-0.064,-0.025,0.113,-0.01,0.035,0.109,0.025,0.02,-0.019,-0.045,0.081,0.069,0.103,0.136,-0.046,-0.024,-0.031,0.064,0.034,0.148,0.103,0.11,-0.145,-0.042,-0.106,-0.234,-0.058,-0.123,-0.052,-0.112,0.004,-0.083,-0.075,-0.174,-0.073,-0.261,0.025,-0.099,-0.294,-0.312,-0.152,-0.068,-0.248,-0.249,-0.259,0.049,-0.092,0.024,0.01,0.029,-0.058,0.09,0.105,0.015,-0.03,-0.0,0.001,-0.005,0.062,-0.029,0.106,0.001,0.007,-0.003,0.01,0.084,0.079,-0.01,-0.023,-0.004,0.119,0.012,0.123,-0.111,0.024,-0.064,-0.059,0.015,0.07,-0.114,0.019,0.006,0.049,-0.1,-0.034,0.109,0.12,0.058,0.143,0.122,-0.049,-0.004,0.066,0.057,0.031,0.16,-0.004,0.06,0.103,0.051,0.074,0.117,-0.013,0.098,0.069,0.132,0.083,0.075,0.086,0.117,-0.003,0.105,0.067,-0.002,0.01,0.146,0.089,0.038,-0.011,0.091,0.136,0.039,0.074,0.045,-0.012,-0.121,-0.076,0.094,0.014,-0.11,0.101,0.073,-0.14,0.062,-0.03,0.081,0.065,0.105,0.077,-0.068,0.102,0.073,0.086,0.049,-0.01,0.174,0.166,0.04,-0.005,-0.098,-0.049,0.019,0.04,0.015,-0.069,-0.059,0.097,-0.092,0.125,0.027,0.093,0.004,0.055,0.095,0.117,0.049,-0.075,-0.061,0.038,0.165,0.061,0.111
ctx-lh-7Networks_LH_Vis_4,,,,,-0.226,-0.08,-0.03,0.031,-0.251,-0.191,0.223,-0.154,-0.156,0.067,-0.14,0.011,-0.172,-0.155,-0.25,-0.215,-0.272,-0.189,-0.284,-0.121,0.042,0.009,0.058,-0.009,0.004,0.0,-0.036,0.069,0.016,-0.036,-0.035,-0.037,0.009,-0.061,-0.054,-0.114,-0.071,0.002,-0.003,0.028,-0.086,-0.054,-0.09,-0.021,-0.047,-0.112,-0.026,-0.051,-0.079,-0.014,-0.051,-0.009,-0.029,-0.047,-0.01,0.117,-0.034,-0.011,-0.062,-0.134,-0.023,0.127,-0.007,0.134,0.01,-0.013,0.065,0.066,0.125,0.13,-0.002,0.05,0.032,0.11,0.054,0.089,0.094,0.074,0.032,-0.021,-0.08,-0.036,0.102,0.075,-0.027,-0.08,-0.016,0.027,-0.109,0.034,-0.024,0.114,0.161,0.17,0.058,0.152,-0.01,0.034,0.175,0.142,0.111,0.074,0.013,0.04,0.064,0.143,0.076,0.119,-0.138,0.025,-0.095,-0.118,-0.132,-0.046,-0.096,-0.029,0.089,0.085,0.052,0.146,0.004,-0.001,-0.02,0.019,-0.059,-0.073,0.053,-0.052,0.003,0.181,0.025,0.04,0.064,0.028,0.032,0.126,0.02,0.069,-0.117,-0.038,-0.072,0.031,0.102,0.124,0.028,0.179,-0.123,-0.059,-0.338,-0.207,-0.174,-0.143,-0.199,-0.346,0.082,0.062,-0.215,-0.14,0.061,-0.198,-0.001,-0.203,-0.216,-0.201,-0.232,-0.202,-0.245,-0.073,-0.29,0.073,-0.057,0.034,-0.005,0.045,-0.022,-0.063,0.059,0.024,-0.037,-0.027,-0.088,-0.075,-0.043,-0.188,-0.008,-0.117,-0.185,-0.175,-0.094,-0.08,-0.063,-0.015,-0.083,-0.169,-0.014,-0.033,-0.126,-0.003,0.023,-0.04,0.028,0.006,-0.01,-0.044,-0.05,-0.171,-0.035,-0.103,-0.146,-0.034,-0.063,0.018,0.106,-0.03,-0.004,0.127,0.046,0.025,0.012,0.081,0.027,0.049,0.122,0.007,0.008,0.049,0.065,0.096,-0.021,0.061,-0.073,0.052,-0.024,0.073,0.039,0.034,0.024,-0.047,-0.007,0.013,0.012,-0.012,-0.05,0.135,0.175,0.175,0.184,0.06,0.064,0.058,-0.011,0.179,0.087,0.053,0.161,0.096,0.036,0.071,0.117,0.148,0.079,0.241,0.101,0.05,0.164,0.104,0.121,0.119,0.126,0.194,0.096,-0.092,-0.015,-0.08,-0.059,0.03,-0.071,-0.04,-0.039,0.004,0.105,-0.042,0.158,-0.009,0.041,0.029,0.023,0.08,0.207,0.056,-0.098,-0.073,0.015,0.163,0.151,0.09
ctx-lh-7Networks_LH_Vis_5,,,,,,-0.069,-0.056,-0.013,-0.048,-0.22,0.172,-0.158,-0.22,0.023,-0.154,-0.025,-0.118,-0.292,-0.307,-0.295,-0.244,-0.295,-0.279,-0.202,0.062,0.05,-0.006,-0.064,0.073,0.005,-0.036,0.121,0.044,-0.01,0.002,-0.025,-0.019,0.002,-0.087,-0.15,-0.047,0.048,-0.016,0.053,-0.026,-0.058,-0.142,0.068,-0.026,-0.056,0.057,0.047,-0.018,-0.006,-0.15,-0.004,-0.099,-0.157,0.008,-0.044,-0.032,-0.035,-0.147,-0.13,0.066,0.041,-0.045,0.123,-0.032,0.038,0.104,0.131,0.085,0.224,0.013,0.119,0.148,0.184,0.127,0.094,0.154,0.166,0.027,0.061,0.027,-0.046,0.04,0.037,-0.036,0.089,0.072,-0.046,-0.058,0.108,0.037,0.077,0.028,0.115,0.036,0.131,0.06,0.037,0.151,0.044,-0.046,0.047,-0.111,-0.087,0.035,0.146,0.004,0.105,0.05,0.183,-0.013,0.003,-0.105,0.055,-0.003,-0.027,0.008,-0.023,-0.008,0.109,0.104,-0.026,0.038,-0.044,-0.063,-0.016,0.114,-0.009,0.011,0.22,0.017,0.04,0.034,-0.037,-0.026,0.038,0.051,0.083,-0.072,0.006,-0.119,0.058,-0.013,0.057,0.123,0.06,-0.159,-0.06,-0.249,-0.188,-0.13,-0.204,-0.19,-0.164,0.048,-0.023,-0.161,-0.215,-0.045,-0.258,-0.091,-0.211,-0.299,-0.293,-0.29,-0.204,-0.363,-0.214,-0.29,0.14,-0.003,0.0,-0.057,0.124,-0.02,-0.089,0.133,0.071,-0.07,-0.092,-0.045,-0.067,-0.038,-0.147,0.05,-0.037,-0.107,-0.165,0.003,-0.092,-0.071,0.052,-0.058,-0.048,0.133,-0.051,-0.04,-0.099,0.061,-0.02,-0.073,0.013,-0.024,-0.119,-0.051,-0.112,-0.099,-0.135,-0.193,0.025,0.094,-0.067,0.009,0.077,-0.02,0.061,0.086,0.087,0.034,0.17,0.024,0.131,0.14,0.113,0.136,0.217,0.101,0.16,-0.042,0.056,-0.027,0.087,0.042,0.055,-0.013,0.059,0.026,0.007,-0.005,0.015,0.067,0.017,0.008,0.129,0.177,0.1,0.098,0.079,0.028,-0.073,0.035,0.208,0.102,-0.083,0.171,0.156,-0.096,0.068,0.046,0.036,0.008,0.106,0.085,-0.01,0.256,0.147,0.114,0.081,-0.039,0.097,0.114,0.01,0.102,0.004,-0.01,0.012,0.0,-0.036,0.062,0.09,0.086,-0.115,0.123,0.093,0.094,0.095,0.077,0.099,0.108,0.047,-0.16,-0.114,-0.011,0.123,0.049,-0.005
ctx-lh-7Networks_LH_Vis_6,,,,,,,0.012,-0.142,-0.052,-0.141,-0.049,-0.097,-0.168,-0.094,-0.256,-0.079,-0.082,-0.249,-0.219,-0.111,-0.161,-0.249,-0.19,-0.188,-0.023,-0.06,-0.098,-0.096,-0.044,-0.041,-0.041,-0.002,-0.01,-0.065,0.009,-0.02,-0.045,-0.031,-0.103,-0.056,-0.014,0.051,0.003,0.021,0.003,0.044,-0.041,0.091,0.083,0.026,0.005,0.012,0.019,-0.108,-0.178,-0.057,-0.123,-0.176,0.012,-0.122,0.056,-0.036,-0.03,-0.063,0.142,0.009,-0.096,0.178,0.0,0.088,-0.01,0.057,-0.006,0.061,-0.019,0.06,0.055,0.156,0.028,-0.01,0.081,0.048,0.004,0.052,0.076,-0.135,-0.035,-0.061,-0.027,0.105,0.028,-0.066,0.034,0.001,0.037,0.102,-0.019,0.01,-0.004,0.087,0.022,0.033,0.017,-0.056,-0.081,0.071,-0.091,-0.047,0.062,0.024,-0.075,0.062,0.166,0.186,0.064,0.016,0.018,0.088,-0.058,-0.052,0.097,-0.03,0.077,0.182,0.087,0.024,0.038,-0.12,-0.032,0.035,0.093,-0.027,0.096,0.116,0.106,0.118,0.102,0.102,0.052,0.161,0.187,0.148,-0.066,-0.033,-0.106,0.103,-0.064,0.117,0.057,0.086,-0.084,-0.041,-0.133,-0.149,-0.068,-0.093,-0.02,-0.116,0.004,-0.057,-0.114,-0.134,-0.16,-0.264,-0.121,-0.215,-0.238,-0.274,-0.166,-0.152,-0.217,-0.191,-0.227,-0.004,-0.04,-0.136,-0.134,0.021,-0.028,-0.097,0.055,-0.071,-0.114,-0.073,-0.09,-0.025,0.005,-0.131,0.037,0.039,-0.047,-0.116,0.057,0.016,-0.002,0.025,-0.139,-0.058,0.116,-0.082,0.003,-0.127,0.04,0.003,-0.027,0.032,-0.04,-0.133,-0.05,-0.05,0.006,-0.117,-0.087,0.002,0.068,-0.038,0.107,0.104,-0.094,0.023,0.028,-0.058,-0.054,0.031,0.022,-0.022,0.089,-0.071,0.014,0.081,-0.036,0.058,-0.015,-0.045,-0.003,0.037,0.072,0.029,-0.041,0.046,-0.03,-0.009,-0.086,0.048,0.106,0.008,-0.001,0.052,0.134,0.066,0.125,0.074,-0.049,-0.056,-0.024,0.071,-0.069,-0.161,0.049,0.14,-0.118,0.129,0.112,0.094,-0.072,0.047,-0.025,-0.148,0.093,0.053,0.02,0.132,-0.017,0.208,0.218,0.024,0.067,0.029,-0.041,0.064,0.06,0.0,0.0,0.051,0.012,-0.052,0.084,0.202,0.142,0.05,0.151,0.166,0.136,0.177,-0.111,-0.086,0.018,0.124,0.061,-0.007
ctx-lh-7Networks_LH_Vis_7,,,,,,,,0.065,-0.144,-0.113,0.089,-0.095,-0.004,-0.037,-0.012,-0.062,-0.101,0.001,-0.064,-0.08,-0.135,-0.066,-0.168,-0.012,0.034,0.045,-0.025,-0.086,-0.032,0.048,-0.083,0.067,0.047,-0.001,-0.026,-0.011,-0.113,-0.139,-0.034,-0.09,-0.131,-0.031,-0.032,0.027,0.02,-0.124,-0.038,-0.015,-0.022,-0.114,-0.008,-0.013,-0.13,0.115,0.039,0.131,0.016,0.0,-0.034,0.082,0.026,0.055,-0.01,0.026,-0.006,0.043,0.016,0.108,0.068,-0.035,0.023,0.051,0.092,0.095,-0.022,-0.013,-0.067,0.08,-0.036,0.107,0.061,0.009,0.046,-0.049,-0.029,0.008,0.044,-0.002,-0.016,-0.051,0.039,0.053,-0.091,-0.094,0.004,0.009,0.072,0.032,0.007,0.09,0.057,0.043,0.079,0.18,0.113,0.069,0.057,0.028,-0.018,0.063,0.076,0.046,-0.111,0.02,-0.062,-0.127,-0.054,0.059,0.012,0.006,0.028,0.018,-0.032,0.056,0.046,-0.051,0.034,0.062,-0.09,0.006,-0.041,0.077,-0.047,0.051,0.009,0.013,0.01,0.056,0.046,0.075,0.001,-0.045,-0.158,-0.067,-0.055,-0.024,0.045,0.103,-0.018,0.006,-0.064,0.029,-0.034,-0.055,-0.188,0.003,-0.07,-0.14,-0.07,0.069,-0.15,0.038,0.053,-0.023,-0.037,-0.108,-0.072,0.037,-0.126,-0.101,-0.088,0.022,-0.068,0.096,0.011,-0.032,0.019,0.052,0.038,-0.043,0.009,0.006,0.07,-0.004,-0.091,-0.083,-0.002,-0.051,-0.061,-0.144,-0.069,0.005,-0.057,-0.018,-0.06,-0.063,-0.062,-0.054,0.004,-0.019,-0.047,0.125,0.104,0.008,0.035,0.004,0.017,0.049,-0.002,-0.08,0.028,0.016,0.016,-0.077,-0.017,0.004,0.153,-0.004,0.053,0.147,0.075,0.054,0.05,0.079,0.049,0.013,0.089,0.057,0.019,-0.021,0.058,-0.001,0.065,0.01,-0.007,-0.001,0.077,0.13,-0.012,-0.003,0.071,-0.141,-0.056,-0.026,0.023,0.042,-0.023,0.049,0.024,0.068,0.082,-0.032,0.032,-0.023,0.068,0.11,0.156,0.117,0.191,0.012,0.068,0.017,0.042,0.052,0.007,0.036,0.035,0.017,-0.008,-0.003,-0.003,-0.04,-0.018,0.059,0.007,0.006,-0.031,0.02,-0.001,-0.003,-0.008,0.069,-0.049,-0.005,-0.008,-0.001,-0.023,-0.02,-0.061,-0.058,0.007,-0.038,0.108,-0.046,-0.128,-0.096,-0.093,0.104,-0.023,-0.092
ctx-lh-7Networks_LH_Vis_8,,,,,,,,,0.044,0.0,-0.001,0.079,-0.044,-0.012,-0.144,0.077,0.012,-0.174,-0.173,-0.071,-0.064,-0.21,-0.099,-0.097,0.087,0.047,-0.041,0.011,0.019,-0.027,0.119,0.051,0.108,-0.011,0.019,0.078,-0.053,-0.014,-0.023,0.119,-0.012,0.099,0.138,0.087,0.069,-0.023,0.107,0.065,0.163,0.051,0.119,0.001,0.157,-0.081,-0.065,0.097,-0.087,-0.138,0.052,-0.091,0.103,0.027,0.032,0.083,0.159,0.053,-0.048,0.083,-0.006,0.036,0.037,0.045,0.027,0.015,-0.032,0.022,0.042,0.106,0.051,-0.005,0.015,0.05,-0.007,0.013,0.111,0.065,0.078,0.108,0.04,0.093,0.061,-0.09,-0.004,-0.055,0.069,0.044,-0.005,0.052,0.029,0.11,-0.071,0.0,-0.041,-0.049,-0.135,-0.023,-0.072,0.016,0.044,-0.003,-0.005,-0.017,0.036,0.107,0.033,-0.034,-0.064,0.11,-0.06,0.063,-0.074,-0.141,-0.042,0.009,0.075,0.005,0.065,-0.032,-0.037,0.02,-0.019,-0.015,0.051,-0.026,0.007,0.025,-0.002,-0.017,-0.019,0.05,0.045,0.037,-0.007,-0.067,-0.051,-0.004,0.005,-0.029,0.007,0.063,-0.038,-0.011,0.028,-0.1,-0.047,-0.12,0.114,-0.001,0.06,-0.069,-0.001,-0.102,-0.001,-0.229,0.048,0.012,-0.119,-0.225,-0.065,0.005,-0.098,-0.249,-0.098,0.076,-0.0,-0.089,-0.119,0.052,0.043,0.081,0.051,-0.01,-0.084,-0.054,0.025,-0.051,0.13,0.005,0.038,0.014,-0.024,0.087,0.113,0.098,0.043,-0.059,-0.018,0.091,0.134,0.035,0.117,-0.124,0.016,-0.08,-0.068,-0.019,-0.039,-0.134,-0.078,-0.089,0.015,-0.112,0.064,0.121,0.136,0.004,0.107,0.058,-0.03,0.0,0.026,-0.01,-0.01,0.041,-0.089,0.016,0.078,-0.102,0.019,0.069,-0.046,0.006,0.026,0.005,0.077,0.053,0.077,0.134,0.073,0.094,0.097,0.02,-0.112,0.09,0.118,0.046,0.028,-0.067,0.044,-0.006,0.134,0.009,0.009,-0.02,-0.072,0.042,-0.092,-0.19,0.023,0.068,-0.112,0.041,-0.02,0.05,0.004,0.013,-0.027,-0.016,-0.055,0.052,-0.035,-0.009,-0.182,-0.026,-0.037,0.059,0.031,-0.111,-0.013,-0.016,0.017,0.034,-0.038,-0.037,0.046,-0.045,-0.002,0.162,0.028,-0.043,0.042,0.085,-0.023,0.047,-0.012,-0.092,-0.013,0.012,-0.02,0.045
ctx-lh-7Networks_LH_Vis_9,,,,,,,,,,-0.219,0.166,-0.286,-0.227,0.101,-0.016,-0.071,-0.358,-0.178,-0.238,-0.293,-0.461,-0.149,-0.407,-0.143,-0.087,-0.095,-0.058,-0.121,-0.066,-0.121,-0.141,0.045,0.018,-0.021,-0.033,-0.092,-0.114,-0.097,-0.004,-0.21,-0.125,0.041,-0.024,0.077,-0.148,-0.065,-0.164,-0.075,-0.104,-0.144,-0.15,-0.098,-0.101,-0.098,-0.095,0.01,-0.081,-0.041,0.018,0.101,-0.055,-0.006,-0.115,-0.111,-0.083,0.159,0.062,0.143,0.011,0.087,-0.015,0.186,0.013,0.116,0.082,0.18,0.179,0.199,0.079,0.167,0.236,0.112,-0.024,-0.094,0.019,0.008,0.022,0.083,-0.076,-0.082,-0.103,-0.096,-0.082,-0.118,-0.103,0.15,0.102,0.168,0.131,0.148,0.152,0.075,0.206,0.195,0.058,0.102,-0.039,-0.068,0.015,0.201,0.081,0.156,-0.095,0.006,-0.056,-0.061,-0.061,-0.025,-0.071,-0.152,-0.003,0.01,0.101,0.102,0.098,-0.002,0.037,0.062,-0.066,0.055,0.155,0.026,0.011,0.352,0.04,0.05,0.068,0.055,-0.009,0.104,0.146,0.115,-0.215,-0.037,-0.189,-0.012,0.007,0.115,0.113,0.031,-0.152,-0.097,-0.235,-0.133,-0.201,-0.052,-0.201,-0.28,0.003,0.085,-0.348,-0.204,0.08,-0.083,-0.075,-0.299,-0.199,-0.185,-0.308,-0.365,-0.242,-0.106,-0.346,-0.02,-0.141,0.005,-0.074,-0.071,-0.062,-0.15,0.095,0.015,-0.042,-0.131,-0.08,-0.211,-0.094,-0.214,-0.036,-0.164,-0.245,-0.214,-0.027,-0.111,-0.122,-0.098,-0.12,-0.109,-0.056,-0.103,-0.139,-0.097,0.054,-0.041,-0.019,0.026,-0.026,-0.012,-0.023,-0.152,-0.089,-0.016,-0.122,-0.108,-0.133,0.026,0.121,-0.059,0.078,0.084,0.062,0.022,0.074,0.145,0.061,0.104,0.144,0.17,0.138,0.147,0.178,0.137,0.033,0.027,-0.076,0.127,0.108,0.091,0.027,0.014,0.085,-0.074,-0.039,-0.055,-0.016,-0.035,-0.123,0.219,0.195,0.119,-0.015,0.049,0.132,0.063,0.17,0.257,0.202,0.076,0.359,0.262,0.03,0.096,0.126,0.106,0.056,0.114,0.15,0.029,0.345,0.237,0.145,0.087,-0.002,0.098,0.201,-0.092,-0.054,-0.072,-0.032,0.077,-0.067,0.056,0.153,0.135,0.046,-0.052,0.145,0.035,0.061,0.149,0.088,0.095,0.138,0.183,-0.203,-0.168,-0.085,0.164,0.031,0.026
ctx-lh-7Networks_LH_Vis_10,,,,,,,,,,,0.056,-0.23,-0.196,-0.066,-0.068,-0.187,-0.233,-0.102,-0.242,-0.344,-0.34,-0.122,-0.302,-0.113,0.03,-0.002,-0.008,-0.069,0.08,-0.004,-0.023,0.132,0.056,0.047,0.041,-0.001,-0.081,0.011,0.018,-0.162,-0.049,0.074,0.015,0.118,-0.039,-0.074,-0.083,0.058,-0.071,-0.051,-0.067,0.008,-0.073,-0.005,-0.065,0.046,-0.084,-0.01,0.098,0.032,-0.001,0.08,-0.082,-0.075,0.011,0.107,0.053,0.178,0.085,0.104,0.062,0.144,0.07,0.155,0.071,0.173,0.154,0.178,0.121,0.174,0.217,0.142,0.068,-0.026,0.071,-0.007,0.034,0.045,-0.108,-0.076,-0.069,-0.116,-0.084,-0.036,-0.061,0.148,0.103,0.147,0.117,0.052,0.115,0.028,0.154,0.146,-0.008,0.067,-0.033,-0.062,0.008,0.144,0.074,0.047,-0.073,0.016,0.027,0.06,-0.077,0.002,-0.013,-0.059,0.06,0.063,0.084,0.149,0.051,0.041,0.002,-0.079,-0.119,0.006,0.145,0.017,0.034,0.312,-0.009,0.091,0.145,0.052,0.045,0.133,0.124,0.108,-0.139,-0.049,-0.111,0.034,0.022,0.112,0.097,0.023,-0.14,-0.042,-0.205,-0.217,-0.16,-0.082,-0.271,-0.274,-0.06,-0.076,-0.283,-0.115,-0.117,-0.096,-0.252,-0.299,-0.14,-0.136,-0.331,-0.321,-0.233,-0.113,-0.28,0.052,-0.008,0.04,0.055,0.036,0.013,-0.114,0.238,0.066,0.062,-0.013,0.008,-0.052,-0.01,-0.181,-0.008,-0.018,-0.148,-0.182,0.03,-0.116,-0.054,-0.05,-0.125,-0.046,0.08,-0.014,-0.077,-0.097,0.05,0.059,0.055,0.104,0.004,0.005,-0.006,0.002,0.0,0.023,-0.062,-0.039,0.015,0.084,0.107,0.102,0.122,0.107,0.087,0.115,0.116,0.131,0.155,0.114,0.175,0.207,0.214,0.232,0.2,0.156,0.028,0.071,-0.101,0.09,0.12,0.044,0.007,-0.08,-0.024,-0.08,-0.026,-0.057,-0.122,-0.067,-0.094,0.171,0.253,0.181,-0.005,0.114,0.139,-0.054,0.122,0.17,0.203,0.035,0.245,0.183,0.041,0.09,0.146,0.092,0.028,0.059,0.121,0.007,0.273,0.164,0.083,0.136,0.021,0.153,0.199,-0.075,-0.01,0.072,0.037,0.031,0.018,0.018,0.042,0.14,0.09,-0.037,0.168,0.043,0.102,0.167,0.065,0.093,0.129,0.086,-0.177,-0.074,-0.029,0.192,0.06,-0.011
ctx-lh-7Networks_LH_Vis_11,,,,,,,,,,,,0.12,0.188,-0.073,0.012,-0.02,0.103,-0.056,0.032,0.139,0.082,-0.033,0.106,0.036,0.186,0.176,-0.031,0.022,0.057,0.093,0.186,0.045,0.145,0.062,0.034,0.103,0.046,0.114,0.013,0.166,0.092,0.171,0.188,0.127,0.09,0.092,0.223,0.17,0.194,0.162,0.09,0.002,0.148,-0.023,0.088,0.147,0.054,-0.108,0.109,-0.114,0.166,0.02,0.001,0.109,0.207,-0.095,-0.029,0.071,-0.013,0.093,0.093,-0.053,0.02,0.002,-0.086,0.037,0.035,0.08,0.08,-0.02,0.032,0.042,0.009,0.094,0.137,-0.031,0.017,0.01,0.021,0.141,0.047,-0.081,0.044,-0.036,0.072,-0.105,-0.103,-0.061,-0.029,-0.024,-0.057,-0.061,-0.087,-0.047,-0.195,-0.049,-0.152,-0.054,-0.0,-0.076,-0.042,-0.128,0.08,0.123,0.168,0.119,0.018,0.112,0.046,0.025,-0.096,-0.152,-0.037,-0.072,0.055,0.048,-0.015,-0.091,-0.043,0.046,0.005,-0.042,0.035,-0.054,-0.023,0.004,-0.093,-0.062,-0.015,-0.005,-0.012,-0.02,0.013,-0.075,-0.061,-0.07,-0.049,-0.048,-0.022,-0.084,0.132,-0.039,0.199,0.048,0.069,0.258,0.116,0.122,-0.019,-0.07,0.138,0.195,-0.129,-0.047,-0.025,0.178,-0.063,-0.093,0.043,0.161,0.06,-0.167,0.106,0.173,0.125,-0.034,-0.02,0.164,0.074,0.088,0.077,0.035,0.034,0.01,0.046,0.082,0.115,0.133,0.131,0.164,0.101,0.194,0.195,0.117,0.169,-0.008,0.1,0.145,0.205,0.138,0.192,0.068,0.13,0.026,-0.095,-0.004,0.04,-0.001,-0.012,0.098,0.044,-0.051,0.134,0.095,0.253,-0.018,0.089,0.142,0.009,0.031,0.073,0.007,0.062,0.025,0.038,0.023,0.094,-0.134,0.066,0.104,-0.038,0.036,0.087,0.02,0.1,0.062,0.071,0.028,0.025,0.016,-0.004,0.019,-0.048,0.049,0.047,0.062,0.099,-0.128,-0.067,-0.092,0.111,-0.019,-0.066,-0.082,-0.115,-0.058,-0.113,-0.242,-0.055,0.082,-0.153,-0.074,-0.116,-0.074,-0.065,-0.101,-0.089,-0.113,-0.141,-0.061,-0.094,-0.042,-0.137,-0.106,-0.087,0.056,0.055,0.047,0.099,0.02,0.149,0.002,-0.059,-0.07,0.054,-0.011,-0.002,0.047,0.046,0.001,-0.03,-0.022,-0.094,-0.033,-0.012,-0.077,-0.054,-0.064,-0.097,-0.029
ctx-lh-7Networks_LH_Vis_12,,,,,,,,,,,,,-0.16,0.007,-0.018,-0.256,-0.375,-0.064,-0.152,-0.308,-0.412,-0.073,-0.354,-0.072,-0.038,-0.136,-0.136,-0.224,-0.193,-0.183,-0.192,-0.056,-0.147,-0.092,-0.07,-0.071,-0.187,-0.159,-0.05,-0.225,-0.247,-0.113,-0.131,-0.018,-0.148,-0.12,-0.179,-0.081,-0.138,-0.192,-0.154,-0.081,-0.147,-0.045,-0.076,0.081,-0.068,0.047,0.02,0.111,-0.109,0.068,-0.051,-0.07,-0.046,0.073,0.033,0.188,0.094,-0.016,-0.081,0.105,0.066,0.093,0.11,0.141,0.118,0.168,0.065,0.068,0.192,0.056,-0.095,-0.23,-0.096,0.045,-0.025,-0.007,-0.051,-0.048,-0.022,-0.026,-0.107,-0.005,-0.039,0.139,0.108,0.133,0.146,0.125,0.141,0.137,0.2,0.214,0.157,0.106,0.058,0.023,-0.013,0.191,0.026,0.134,-0.111,0.097,-0.103,-0.15,-0.121,-0.01,-0.075,-0.17,0.058,0.065,0.05,0.101,0.063,-0.029,0.028,0.147,-0.121,-0.028,0.043,-0.003,-0.075,0.173,0.005,0.039,0.094,0.081,-0.014,0.145,0.067,0.043,-0.206,-0.022,-0.119,-0.018,0.063,0.075,-0.032,-0.009,-0.084,0.01,-0.214,-0.124,-0.139,-0.045,-0.154,-0.35,0.003,0.064,-0.333,-0.116,0.06,-0.036,-0.195,-0.397,-0.155,-0.083,-0.307,-0.43,-0.15,0.013,-0.286,-0.063,-0.093,-0.124,-0.156,-0.086,-0.109,-0.208,0.027,-0.179,-0.131,-0.133,-0.118,-0.177,-0.034,-0.193,-0.043,-0.183,-0.233,-0.216,-0.123,-0.128,-0.19,-0.152,-0.153,-0.101,-0.058,-0.225,-0.223,-0.048,0.087,-0.017,0.055,0.04,-0.029,0.081,-0.002,-0.229,0.029,0.024,-0.163,-0.098,-0.114,0.094,0.144,-0.086,0.087,0.102,-0.023,-0.073,0.003,0.096,0.105,0.031,-0.007,0.219,0.115,0.085,0.14,0.045,-0.016,0.011,-0.136,0.042,0.013,0.022,-0.044,0.001,0.019,-0.099,-0.033,-0.066,-0.078,-0.035,-0.025,0.156,0.224,0.195,0.071,0.106,0.2,0.027,0.207,0.16,0.248,0.162,0.311,0.149,0.122,0.156,0.202,0.116,0.09,0.093,0.215,0.142,0.213,0.158,0.006,0.024,0.133,0.111,0.164,-0.051,-0.022,-0.098,-0.13,0.044,-0.068,0.082,0.125,0.152,-0.006,-0.05,0.079,0.027,-0.077,0.021,0.031,0.036,0.136,0.082,-0.159,-0.106,-0.043,0.158,0.021,-0.101
ctx-lh-7Networks_LH_Vis_13,,,,,,,,,,,,,,0.188,-0.086,0.119,-0.019,-0.104,-0.249,-0.227,-0.171,-0.114,-0.326,-0.167,0.002,0.028,0.016,0.081,0.038,-0.063,-0.02,0.023,0.085,-0.11,-0.026,-0.069,-0.14,-0.108,-0.094,-0.153,-0.2,-0.041,-0.025,0.038,-0.105,-0.114,-0.095,-0.044,-0.077,-0.117,0.034,-0.03,-0.003,-0.153,-0.211,0.01,-0.174,0.009,0.005,-0.013,-0.069,0.024,-0.01,-0.074,0.024,0.06,-0.047,0.167,0.039,0.001,0.038,0.103,-0.043,0.225,0.066,0.209,0.144,0.211,0.153,0.121,0.209,0.125,0.034,0.015,-0.024,0.043,0.043,0.074,0.097,0.133,-0.079,-0.058,-0.026,0.014,0.015,0.07,0.147,0.229,0.123,0.125,-0.016,-0.06,0.106,0.096,0.006,0.089,-0.011,0.164,0.104,0.205,0.132,0.138,-0.064,0.042,-0.02,-0.178,-0.193,-0.027,-0.204,-0.1,-0.05,0.074,-0.092,0.005,-0.008,-0.069,-0.048,0.013,-0.111,-0.067,0.071,-0.129,-0.023,0.192,-0.036,-0.053,0.062,-0.059,-0.047,0.013,-0.013,0.01,-0.052,0.014,-0.012,-0.077,0.095,0.089,-0.035,-0.006,-0.157,-0.025,-0.201,-0.214,-0.041,-0.357,-0.194,-0.24,0.126,0.03,-0.107,-0.393,0.204,-0.2,0.077,-0.085,-0.192,-0.224,-0.22,-0.187,-0.29,-0.131,-0.306,0.081,-0.229,0.015,-0.08,0.034,-0.203,0.03,0.043,0.011,-0.169,-0.121,-0.084,-0.119,-0.017,-0.142,-0.058,-0.154,-0.233,-0.119,-0.109,-0.11,-0.139,-0.005,-0.107,-0.053,-0.027,0.042,-0.035,-0.217,0.018,-0.116,0.055,0.117,-0.044,-0.067,0.01,-0.248,0.038,-0.124,-0.159,0.07,-0.006,0.055,0.126,-0.059,0.053,-0.017,-0.007,0.038,-0.009,0.09,-0.022,0.137,0.094,0.075,0.088,0.147,0.129,0.101,-0.008,0.098,0.027,0.052,0.098,0.022,-0.009,0.049,0.089,-0.027,-0.064,0.102,-0.014,-0.009,-0.004,0.103,0.249,0.232,0.082,0.088,0.084,-0.003,-0.029,0.119,0.101,0.056,0.223,0.222,-0.03,0.159,0.086,0.194,0.183,0.152,0.252,0.125,0.242,0.189,-0.001,0.045,0.032,0.136,0.128,-0.018,-0.052,-0.193,-0.208,-0.038,-0.101,-0.042,-0.072,-0.003,0.078,-0.016,0.104,0.102,0.026,0.095,0.056,0.153,0.12,0.076,0.01,-0.068,-0.023,0.227,0.025,0.055
ctx-lh-7Networks_LH_Vis_14,,,,,,,,,,,,,,,-0.015,-0.152,0.048,-0.041,-0.004,0.044,0.046,0.021,-0.009,-0.017,0.14,0.141,0.03,-0.022,0.135,0.148,0.137,0.17,0.159,0.173,0.099,0.157,0.144,0.212,0.069,0.186,0.078,0.264,0.156,0.178,0.152,0.183,0.215,0.185,0.176,0.189,0.167,-0.01,0.161,-0.043,0.016,0.126,0.152,-0.099,0.087,-0.068,0.147,-0.014,-0.114,0.056,0.195,-0.039,-0.011,0.114,0.073,0.11,0.045,-0.062,0.145,0.068,-0.057,0.029,0.166,0.199,0.191,0.025,0.02,0.137,0.062,0.02,0.143,-0.162,-0.045,0.017,-0.097,0.063,-0.001,-0.125,0.027,-0.074,-0.036,-0.02,-0.064,-0.1,-0.026,-0.023,-0.087,-0.055,-0.044,0.005,-0.138,-0.004,-0.22,-0.099,-0.027,-0.101,0.02,-0.141,0.091,0.088,0.247,0.2,0.127,0.18,0.164,0.118,0.068,-0.065,0.073,0.041,0.029,0.044,0.049,-0.047,-0.066,0.052,-0.0,0.005,0.046,0.045,0.005,0.03,-0.022,-0.043,0.011,-0.05,0.053,0.043,-0.038,-0.098,-0.069,0.033,-0.086,-0.059,0.021,-0.093,0.044,0.001,0.029,-0.032,-0.007,0.177,-0.039,-0.033,-0.153,-0.037,-0.058,0.178,-0.284,0.028,-0.204,-0.018,0.005,-0.03,-0.037,0.086,0.036,-0.098,0.035,0.142,0.124,-0.002,0.044,0.181,0.14,0.067,0.212,0.127,0.177,0.071,0.131,0.115,0.142,0.155,0.209,0.126,0.061,0.121,0.189,0.1,0.196,-0.001,0.066,0.14,0.184,0.102,0.146,0.028,0.137,0.128,-0.049,-0.019,0.062,-0.012,-0.02,0.044,-0.016,-0.007,0.037,-0.051,0.198,0.0,0.077,0.121,0.056,0.08,0.158,0.106,0.063,0.021,0.053,0.053,0.045,0.011,0.177,0.237,0.054,0.138,0.088,0.041,0.12,0.163,0.025,0.028,-0.071,-0.072,0.002,-0.053,-0.047,-0.057,-0.015,0.017,0.111,-0.128,-0.042,-0.016,0.021,-0.024,-0.013,-0.043,0.042,0.043,-0.01,-0.139,0.06,0.044,-0.123,-0.063,-0.113,-0.048,-0.048,-0.052,-0.127,-0.15,-0.048,-0.033,-0.049,0.069,-0.06,-0.009,-0.005,0.056,0.054,0.152,0.157,0.076,0.217,-0.0,-0.02,0.039,0.077,-0.057,0.03,0.12,0.083,-0.032,-0.012,-0.053,-0.084,0.013,-0.099,-0.062,-0.036,-0.013,-0.034,-0.085
ctx-lh-7Networks_LH_Vis_15,,,,,,,,,,,,,,,,0.129,0.059,-0.252,-0.243,-0.025,0.003,-0.242,-0.163,-0.195,0.102,0.093,0.113,0.057,0.11,0.076,0.142,0.114,0.159,0.129,0.071,0.113,0.083,0.138,0.054,-0.015,0.017,0.133,0.063,0.112,0.058,0.047,0.036,0.139,0.122,0.05,0.131,0.052,0.16,-0.194,-0.219,-0.042,0.011,-0.134,0.015,-0.136,0.069,-0.033,-0.087,-0.038,0.081,0.048,-0.021,0.107,0.003,0.178,0.084,0.067,0.031,0.08,-0.039,0.073,0.144,0.18,0.132,0.003,0.136,0.12,0.039,0.064,0.049,-0.056,-0.039,0.077,-0.051,0.018,-0.098,-0.092,0.003,-0.16,0.015,0.104,0.041,0.132,0.045,-0.024,-0.097,-0.017,0.017,-0.044,-0.068,0.032,-0.05,-0.015,0.0,0.102,0.026,0.01,0.005,0.045,0.097,0.084,0.094,0.125,0.036,0.102,0.065,-0.075,0.086,0.133,0.108,-0.018,0.047,0.008,-0.042,0.113,0.075,0.068,0.046,0.116,0.056,-0.034,0.03,-0.004,0.023,0.014,0.075,0.133,-0.056,-0.024,-0.024,0.11,0.035,0.076,0.179,0.032,-0.094,-0.162,-0.133,-0.181,-0.047,-0.169,-0.1,-0.121,0.008,-0.149,-0.087,-0.053,0.017,-0.313,-0.008,-0.028,-0.186,-0.266,-0.016,-0.03,-0.212,-0.282,-0.203,0.153,0.075,0.036,0.009,0.127,0.097,0.111,0.181,0.163,0.083,0.031,0.137,0.033,0.042,-0.023,0.111,0.098,-0.088,0.026,0.036,0.058,0.091,0.1,-0.044,0.071,0.136,0.006,0.086,-0.131,0.008,0.047,-0.102,-0.019,0.044,-0.188,-0.103,-0.053,-0.099,-0.157,-0.067,0.024,0.119,-0.064,0.03,0.115,0.003,0.115,0.104,0.073,0.0,0.03,0.003,0.077,0.142,0.008,0.107,0.206,0.049,0.091,0.08,0.018,0.062,0.049,0.041,0.02,-0.016,0.031,0.084,-0.018,-0.08,-0.002,0.035,-0.047,0.009,-0.075,0.046,0.03,0.083,0.091,-0.024,-0.067,-0.02,0.062,-0.03,-0.094,0.06,0.184,-0.114,0.031,0.026,0.043,0.061,0.033,0.121,-0.06,0.104,0.092,0.128,0.145,-0.081,0.113,0.142,0.036,0.091,0.006,0.044,0.094,0.204,0.003,0.045,0.042,0.023,-0.036,0.127,0.092,0.184,0.07,0.055,0.086,0.056,0.044,-0.044,-0.054,0.122,0.133,0.052,-0.024
ctx-lh-7Networks_LH_Vis_16,,,,,,,,,,,,,,,,,-0.148,0.03,0.016,-0.072,-0.106,0.162,-0.09,0.058,0.075,0.067,0.144,-0.006,0.112,0.12,0.147,0.253,0.118,0.19,0.088,0.142,0.016,0.144,0.1,0.067,0.054,0.211,0.083,0.228,0.156,0.145,0.122,0.192,0.073,0.117,0.069,0.114,0.115,-0.073,0.018,0.127,0.178,0.073,0.139,0.137,0.153,0.111,-0.034,0.013,0.128,0.104,0.131,0.226,0.147,0.04,0.065,0.076,0.192,0.109,0.028,0.146,0.254,0.198,0.217,0.135,0.153,0.17,0.038,0.015,0.201,-0.123,-0.1,0.052,-0.204,-0.122,-0.076,-0.135,-0.057,-0.107,-0.072,0.068,0.019,0.032,0.123,0.006,0.042,0.023,0.046,0.144,0.004,0.014,-0.058,-0.082,0.026,0.053,0.066,-0.026,-0.091,-0.031,0.134,0.222,-0.05,0.051,0.171,0.112,0.128,0.054,0.113,0.02,0.032,-0.044,0.059,0.015,-0.082,-0.006,0.034,0.066,-0.038,0.097,-0.017,0.03,0.089,-0.067,0.022,-0.015,0.105,0.107,-0.115,-0.043,-0.093,-0.045,-0.014,-0.019,0.064,-0.07,-0.027,0.035,-0.01,0.0,-0.077,0.027,-0.126,-0.139,-0.152,-0.012,-0.182,0.171,-0.051,0.115,-0.311,-0.138,0.011,0.088,-0.113,-0.06,0.125,0.113,-0.004,0.066,0.09,0.084,0.113,0.109,0.168,-0.005,0.238,0.142,0.168,0.069,0.096,0.07,0.097,0.039,0.175,0.048,0.083,0.033,0.085,0.091,0.096,0.01,0.08,0.092,0.143,0.016,0.044,-0.005,0.096,0.145,0.04,0.106,0.152,0.177,0.107,0.053,0.031,0.199,0.037,0.033,0.118,0.182,0.19,0.162,0.202,0.185,0.178,0.154,0.103,0.132,0.144,0.118,0.162,0.162,0.234,0.234,0.157,0.196,0.096,0.092,0.071,0.219,0.103,-0.016,-0.088,-0.035,-0.029,-0.155,-0.086,-0.106,-0.175,-0.081,-0.054,0.047,0.125,0.145,-0.148,0.003,0.129,-0.018,0.107,0.107,0.206,0.079,0.166,0.134,0.044,-0.059,-0.0,0.058,0.053,0.038,0.046,0.102,0.123,0.142,0.085,0.078,0.07,-0.014,0.024,-0.071,-0.049,0.114,0.102,0.046,0.128,0.051,0.036,0.096,0.022,-0.045,0.038,-0.0,-0.05,0.015,0.062,-0.119,0.026,0.054,-0.135,-0.029,-0.027,0.065,-0.021,0.013
ctx-lh-7Networks_LH_Vis_17,,,,,,,,,,,,,,,,,,0.022,-0.044,-0.234,-0.378,0.088,-0.232,-0.014,-0.052,-0.111,-0.036,-0.157,-0.136,-0.051,-0.14,0.049,-0.079,-0.041,-0.078,-0.07,-0.162,-0.155,-0.073,-0.271,-0.199,-0.161,-0.19,-0.035,-0.138,-0.146,-0.196,-0.082,-0.229,-0.251,-0.193,-0.103,-0.21,-0.096,-0.04,0.052,0.015,0.132,0.095,0.18,-0.082,0.08,-0.058,-0.079,-0.02,0.119,0.055,0.126,0.03,-0.066,-0.106,0.093,0.031,0.142,0.083,0.16,0.142,0.136,0.033,0.069,0.166,0.068,-0.077,-0.192,-0.084,0.002,0.03,0.046,-0.03,-0.08,-0.016,0.003,-0.085,-0.028,-0.002,0.157,0.156,0.15,0.17,0.082,0.065,0.082,0.182,0.195,0.04,0.091,-0.011,-0.016,0.005,0.238,0.021,0.088,-0.083,0.048,-0.065,-0.076,-0.144,-0.034,-0.043,-0.084,0.024,0.147,0.026,0.099,0.034,-0.044,0.009,0.088,-0.14,-0.038,0.139,-0.002,-0.024,0.175,-0.044,0.033,0.141,0.034,-0.022,0.066,0.053,-0.013,-0.188,-0.039,-0.143,-0.058,0.022,0.054,0.039,-0.032,-0.082,-0.04,-0.223,-0.134,-0.182,-0.127,-0.244,-0.358,-0.021,0.015,-0.354,-0.109,0.138,0.021,-0.153,-0.371,-0.066,-0.01,-0.178,-0.351,-0.011,0.088,-0.199,-0.06,-0.142,-0.073,-0.096,-0.074,-0.083,-0.272,0.031,-0.098,-0.059,-0.069,-0.136,-0.151,-0.117,-0.18,-0.108,-0.217,-0.132,-0.274,-0.19,-0.225,-0.195,-0.166,-0.21,-0.217,-0.044,-0.108,-0.273,-0.058,0.021,-0.042,0.142,0.122,0.072,0.151,0.047,-0.195,0.055,0.068,-0.128,-0.089,-0.109,0.094,0.12,-0.05,0.131,0.071,-0.034,-0.075,-0.002,0.134,0.094,0.066,0.063,0.184,0.158,0.068,0.224,0.012,-0.005,0.018,-0.137,-0.006,0.005,0.022,-0.064,0.037,-0.004,-0.135,-0.049,-0.002,-0.199,-0.127,-0.084,0.135,0.252,0.227,-0.01,0.074,0.117,0.025,0.12,0.187,0.278,0.193,0.265,0.14,0.104,0.101,0.157,0.131,0.112,0.112,0.216,0.12,0.249,0.169,-0.033,-0.009,0.087,0.065,0.09,-0.108,-0.06,-0.093,-0.117,-0.012,-0.123,0.044,0.079,0.134,0.017,-0.012,0.139,0.032,-0.031,0.089,0.065,0.057,0.125,0.078,-0.162,-0.122,-0.077,0.14,-0.014,-0.072
ctx-lh-7Networks_LH_Vis_18,,,,,,,,,,,,,,,,,,,-0.224,-0.144,0.036,-0.119,-0.158,-0.099,0.086,0.075,0.184,0.115,0.111,0.06,0.109,0.176,0.197,0.091,0.1,0.042,0.046,-0.004,0.041,-0.086,-0.034,0.046,0.024,0.126,0.099,0.001,0.019,0.112,0.04,-0.06,0.159,0.054,0.036,-0.067,-0.186,0.059,0.026,-0.003,0.044,0.046,0.061,0.061,0.034,-0.022,0.121,0.092,0.045,0.096,0.052,0.088,0.184,0.066,0.163,0.214,0.04,0.116,0.163,0.125,0.233,0.114,0.145,0.1,0.139,0.093,0.006,-0.017,0.031,0.015,0.013,0.015,-0.006,-0.037,-0.11,0.016,-0.048,0.096,0.091,0.18,0.092,0.034,-0.088,0.009,0.066,0.085,0.016,0.039,0.016,0.114,0.125,0.152,0.097,0.063,-0.043,0.036,0.023,-0.006,-0.117,-0.016,-0.121,0.117,0.111,0.153,0.004,0.107,0.035,-0.032,-0.055,-0.015,-0.04,0.054,0.063,-0.024,-0.017,0.127,-0.002,-0.055,0.018,-0.022,-0.012,0.064,-0.02,0.075,0.011,0.087,0.059,0.07,0.078,0.092,0.013,0.113,-0.163,-0.015,-0.206,-0.261,-0.004,-0.262,-0.177,-0.161,-0.046,-0.144,-0.088,-0.171,0.015,-0.229,0.062,-0.093,-0.211,-0.277,-0.131,-0.009,-0.175,-0.108,-0.179,0.146,-0.062,0.079,0.102,0.105,0.09,0.092,0.193,0.125,0.063,0.001,0.069,-0.019,0.031,-0.106,-0.028,-0.117,-0.07,0.002,-0.04,0.021,-0.042,-0.002,-0.026,0.022,0.033,0.039,0.065,-0.124,0.03,0.065,0.032,0.065,0.059,0.029,-0.01,-0.097,0.08,-0.019,-0.04,0.122,0.066,0.059,0.072,0.067,0.047,0.112,0.023,0.158,0.05,0.104,-0.002,0.066,0.175,0.042,0.133,0.151,0.062,0.098,0.018,0.093,0.061,0.122,0.08,0.034,-0.034,0.027,0.058,-0.011,-0.012,-0.001,0.005,-0.024,0.035,0.053,0.173,0.102,0.041,0.08,-0.001,0.019,0.061,0.147,0.05,0.054,0.09,0.077,-0.032,0.047,0.036,0.099,0.154,0.128,0.154,0.027,0.046,0.054,0.068,0.094,0.064,0.122,0.061,-0.027,0.089,-0.02,-0.091,0.004,-0.006,-0.045,-0.024,-0.051,0.148,0.021,0.107,0.07,0.135,-0.038,-0.01,0.032,0.035,-0.051,0.061,0.043,0.116,0.146,0.129,0.076
ctx-lh-7Networks_LH_Vis_19,,,,,,,,,,,,,,,,,,,,-0.201,-0.077,-0.215,-0.279,-0.207,-0.012,-0.012,0.064,0.048,0.061,0.012,0.028,0.154,0.118,0.051,-0.016,0.065,0.039,0.023,0.062,-0.175,-0.04,0.103,0.0,0.139,-0.018,-0.026,-0.016,0.056,-0.008,0.031,0.044,0.083,0.024,-0.1,-0.297,-0.052,-0.028,-0.112,-0.002,-0.003,-0.076,-0.017,-0.133,-0.135,0.02,0.106,0.025,0.119,0.06,0.267,0.08,0.143,0.084,0.142,0.094,0.072,0.189,0.274,0.191,0.098,0.149,0.11,0.054,0.054,0.037,-0.085,0.0,0.094,-0.062,-0.021,-0.068,-0.112,-0.009,-0.044,-0.003,0.203,0.145,0.161,0.092,-0.036,0.087,0.063,0.077,0.081,0.089,0.077,0.048,0.014,0.066,0.144,0.118,0.109,0.04,0.072,0.087,0.025,0.015,0.132,0.003,0.066,0.143,0.079,0.19,0.204,0.154,-0.008,0.13,0.02,0.017,0.097,0.165,0.115,0.124,0.162,0.104,0.061,0.09,0.035,0.125,0.08,0.145,0.164,-0.083,-0.034,-0.004,0.136,0.087,0.175,0.232,0.104,-0.182,-0.039,-0.227,-0.266,-0.126,-0.222,-0.344,-0.27,-0.046,-0.106,-0.172,-0.151,0.025,-0.214,-0.047,-0.127,-0.122,-0.142,-0.133,-0.095,-0.28,-0.183,-0.261,0.131,-0.056,0.102,0.038,0.061,0.054,0.1,0.201,0.11,0.047,-0.091,0.048,0.001,0.018,-0.081,0.074,0.003,-0.123,-0.117,0.019,-0.037,0.021,0.133,-0.048,0.067,0.089,-0.023,0.019,-0.199,-0.012,0.038,0.013,-0.008,-0.025,-0.159,-0.043,-0.141,-0.126,-0.111,-0.17,-0.053,0.003,0.024,0.015,0.05,0.061,0.145,0.113,0.129,0.047,0.052,0.019,0.145,0.157,0.106,0.162,0.25,0.148,0.133,0.1,0.055,0.046,0.073,0.076,0.074,-0.023,0.022,0.075,-0.074,-0.117,-0.068,-0.013,-0.005,0.028,0.097,0.193,0.176,0.042,0.14,0.044,0.038,0.112,0.153,0.115,0.082,0.115,0.15,-0.022,0.098,0.084,0.074,0.105,0.101,0.138,0.002,0.22,0.153,0.217,0.228,0.049,0.161,0.236,0.006,0.045,0.019,0.051,0.132,0.123,0.043,0.064,0.111,0.092,-0.035,0.173,0.14,0.221,0.025,0.154,0.173,0.075,0.157,-0.049,0.016,0.113,0.205,0.123,0.046
ctx-lh-7Networks_LH_Vis_20,,,,,,,,,,,,,,,,,,,,,-0.232,-0.059,-0.263,0.0,-0.039,-0.115,0.047,-0.013,0.007,-0.017,-0.039,0.136,0.063,0.041,-0.006,0.052,-0.009,-0.07,-0.027,-0.214,-0.034,-0.007,-0.029,0.142,-0.017,-0.028,-0.142,-0.008,-0.078,-0.007,-0.032,0.048,-0.042,-0.06,-0.157,-0.046,-0.056,0.007,0.067,0.103,-0.052,0.042,-0.055,-0.031,0.058,0.057,0.059,0.127,0.083,0.232,0.042,0.16,0.09,0.133,0.04,0.068,0.157,0.176,0.122,0.106,0.171,0.084,-0.004,0.033,0.049,-0.029,-0.0,0.147,-0.07,-0.06,-0.019,-0.136,-0.001,-0.036,-0.044,0.184,0.133,0.204,0.139,-0.011,0.095,0.035,0.071,0.096,0.033,0.049,0.024,-0.068,0.081,0.158,0.124,0.039,-0.012,0.067,-0.003,0.009,-0.048,0.081,-0.028,-0.029,0.125,0.089,0.138,0.178,0.115,0.033,0.051,0.002,0.048,0.056,0.113,0.043,0.093,0.134,0.062,0.031,0.056,-0.003,0.072,-0.007,0.086,0.079,-0.153,-0.022,-0.062,0.091,0.004,0.158,0.175,0.052,-0.12,0.031,-0.245,-0.168,-0.098,-0.158,-0.411,-0.336,-0.089,-0.004,-0.294,-0.155,0.085,-0.074,-0.11,-0.272,-0.122,-0.077,-0.24,-0.188,-0.152,0.001,-0.222,0.006,-0.044,0.058,0.03,-0.054,0.011,-0.027,0.192,0.026,0.091,-0.054,0.019,-0.067,0.03,-0.128,0.006,-0.113,-0.089,-0.168,-0.059,-0.123,-0.083,-0.014,-0.131,0.009,0.032,-0.091,-0.055,-0.127,0.011,0.036,0.079,0.089,0.009,-0.001,0.025,-0.113,-0.044,0.046,-0.075,-0.036,-0.008,0.032,0.049,-0.007,0.158,0.134,0.106,0.059,0.097,0.108,0.068,0.141,0.133,0.071,0.162,0.24,0.139,0.058,0.052,0.054,-0.054,0.092,0.05,0.072,0.002,0.057,0.107,-0.094,-0.062,-0.041,-0.065,0.014,-0.026,0.154,0.216,0.248,-0.036,0.078,0.116,0.044,0.098,0.139,0.172,0.138,0.207,0.149,0.055,0.065,0.072,0.026,0.033,0.107,0.164,0.11,0.173,0.095,0.211,0.192,0.12,0.145,0.173,-0.018,0.096,0.036,-0.047,0.105,0.018,0.063,0.112,0.104,0.104,0.071,0.212,0.161,0.142,0.074,0.121,0.068,0.071,0.076,-0.13,-0.015,0.096,0.192,0.136,0.024
ctx-lh-7Networks_LH_Vis_21,,,,,,,,,,,,,,,,,,,,,,0.087,-0.215,-0.011,-0.131,-0.215,-0.108,-0.188,-0.174,-0.112,-0.2,-0.097,-0.136,-0.198,-0.099,-0.2,-0.284,-0.292,-0.155,-0.398,-0.304,-0.242,-0.242,-0.161,-0.169,-0.273,-0.332,-0.169,-0.284,-0.311,-0.231,-0.125,-0.334,-0.105,-0.145,-0.072,-0.019,0.171,0.023,0.265,-0.116,0.125,0.015,-0.055,-0.03,0.064,0.016,0.125,0.051,0.034,-0.082,0.126,0.005,0.084,0.149,0.228,0.073,0.139,-0.006,0.052,0.256,0.044,-0.041,-0.141,-0.193,0.078,0.091,0.172,0.048,-0.032,-0.02,-0.054,-0.036,0.026,-0.044,0.199,0.199,0.25,0.214,0.051,0.202,0.136,0.28,0.195,0.088,0.137,0.126,0.076,0.112,0.278,0.116,0.192,-0.073,0.088,-0.146,-0.149,-0.14,0.001,-0.189,-0.137,0.042,0.191,0.037,0.143,0.106,0.039,0.067,0.22,-0.003,0.018,0.149,-0.047,0.031,0.281,-0.014,0.063,0.171,0.066,-0.035,0.11,-0.002,-0.077,-0.16,-0.008,-0.061,0.017,0.112,0.211,0.129,0.066,-0.173,-0.056,-0.305,-0.224,-0.179,-0.24,-0.345,-0.41,-0.026,0.036,-0.398,-0.191,0.202,-0.037,-0.06,-0.363,-0.049,0.038,-0.249,-0.308,-0.042,0.146,-0.229,-0.118,-0.203,-0.107,-0.134,-0.116,-0.106,-0.202,-0.021,-0.173,-0.15,-0.199,-0.258,-0.162,-0.209,-0.339,-0.221,-0.229,-0.17,-0.376,-0.226,-0.301,-0.353,-0.171,-0.308,-0.328,-0.188,-0.227,-0.321,-0.132,0.042,0.023,0.215,0.131,-0.016,0.121,0.083,-0.23,0.075,0.003,-0.152,-0.094,-0.153,0.063,0.065,-0.065,0.125,0.076,-0.032,-0.106,-0.012,0.112,0.046,0.076,0.097,0.189,0.076,0.029,0.145,-0.014,0.006,0.078,-0.176,-0.133,-0.043,0.102,0.043,0.03,0.133,-0.09,-0.03,0.066,-0.096,-0.073,-0.078,0.236,0.311,0.31,0.063,0.122,0.185,0.112,0.171,0.283,0.228,0.182,0.32,0.182,0.077,0.102,0.18,0.096,0.148,0.2,0.295,0.122,0.282,0.198,0.061,0.062,0.183,0.185,0.183,-0.009,0.008,-0.122,-0.085,0.049,-0.152,0.16,0.03,0.101,0.133,0.079,0.176,0.073,-0.022,0.136,0.04,0.121,0.149,0.061,-0.155,-0.042,0.029,0.247,0.091,0.03
ctx-lh-7Networks_LH_Vis_22,,,,,,,,,,,,,,,,,,,,,,,-0.101,-0.135,0.086,0.12,0.07,0.084,0.051,0.08,0.019,0.13,0.107,-0.023,0.073,0.006,-0.038,-0.035,-0.022,-0.201,-0.137,-0.013,-0.119,-0.006,0.078,-0.075,-0.138,-0.022,-0.068,-0.1,0.031,0.01,-0.104,-0.12,-0.228,-0.03,0.046,-0.086,0.073,0.043,-0.039,-0.004,-0.068,-0.087,0.108,0.076,0.022,0.037,-0.005,0.171,0.197,0.146,0.163,0.186,0.085,0.136,0.143,0.154,0.183,0.084,0.128,0.109,0.118,0.127,-0.121,-0.077,-0.005,0.056,-0.029,-0.151,-0.162,-0.075,-0.114,0.022,-0.096,0.156,0.102,0.23,0.072,0.029,-0.039,0.019,0.025,0.1,0.021,0.084,0.019,0.08,0.083,0.23,0.109,0.051,-0.131,-0.046,-0.04,-0.02,-0.094,0.022,-0.118,0.052,0.203,0.117,0.119,0.156,0.01,-0.015,-0.046,-0.073,-0.016,0.019,0.039,-0.016,-0.017,0.165,0.006,-0.018,0.022,-0.022,-0.004,0.07,-0.027,0.067,0.006,0.129,0.1,0.132,0.201,0.12,0.112,0.139,-0.165,-0.05,-0.242,-0.267,-0.046,-0.241,-0.157,-0.181,0.041,-0.152,-0.107,-0.063,0.014,-0.243,0.18,-0.069,-0.243,-0.187,-0.081,0.048,-0.125,-0.074,-0.176,0.164,-0.061,0.087,0.027,0.127,0.113,0.029,0.208,0.118,-0.056,-0.018,-0.042,-0.077,0.035,-0.144,-0.041,-0.099,-0.025,-0.127,-0.091,-0.107,-0.108,0.013,-0.144,-0.127,0.0,-0.067,-0.046,-0.194,0.009,0.1,0.02,0.039,0.037,-0.075,-0.007,-0.091,-0.037,-0.112,-0.144,0.083,0.07,0.054,-0.029,0.024,-0.022,0.145,0.08,0.145,0.073,0.154,0.028,0.051,0.174,0.062,0.102,0.194,0.058,0.143,0.071,0.08,0.033,0.069,0.057,0.039,-0.005,0.055,0.058,-0.074,-0.09,-0.009,-0.045,-0.052,-0.073,0.112,0.149,0.135,0.002,0.067,0.013,-0.022,0.001,0.083,0.06,0.009,0.031,0.046,-0.054,-0.001,0.031,0.064,0.162,0.178,0.216,-0.1,0.126,0.055,0.168,0.211,0.135,0.242,0.15,-0.023,-0.002,-0.042,-0.062,0.083,-0.026,0.001,-0.044,-0.015,0.047,-0.017,0.177,0.037,0.121,0.02,-0.007,0.076,0.044,-0.011,0.065,0.108,0.173,0.18,0.18,0.098
ctx-lh-7Networks_LH_Vis_23,,,,,,,,,,,,,,,,,,,,,,,,-0.099,-0.122,-0.143,0.009,-0.055,-0.01,-0.026,-0.124,0.088,0.008,-0.002,-0.056,-0.003,-0.069,-0.105,-0.032,-0.269,-0.162,-0.121,-0.098,0.051,-0.035,-0.076,-0.198,-0.046,-0.174,-0.167,-0.051,0.06,-0.16,-0.138,-0.281,-0.13,-0.093,0.032,0.014,0.101,-0.132,0.03,-0.031,-0.07,0.036,0.049,0.067,0.132,0.035,0.183,0.012,0.191,0.072,0.112,0.1,0.164,0.105,0.158,0.085,-0.001,0.208,0.044,0.013,0.067,-0.06,-0.034,0.043,0.111,-0.005,-0.042,-0.002,-0.031,0.038,0.029,0.01,0.218,0.169,0.183,0.13,-0.066,0.151,0.052,0.169,0.113,0.072,0.1,0.079,0.079,0.146,0.219,0.148,0.141,-0.01,0.028,-0.052,-0.083,-0.06,0.029,-0.137,-0.043,0.178,0.201,0.13,0.205,0.123,0.075,0.052,0.078,0.064,0.045,0.216,0.018,0.04,0.215,0.103,0.1,0.173,0.057,0.091,0.123,0.07,0.078,-0.181,-0.056,-0.014,0.125,0.12,0.214,0.188,0.173,-0.12,0.012,-0.255,-0.25,-0.15,-0.285,-0.383,-0.381,-0.035,-0.066,-0.31,-0.25,0.078,-0.183,-0.081,-0.273,-0.243,-0.149,-0.221,-0.152,-0.214,-0.034,-0.223,-0.077,-0.091,0.06,-0.037,-0.06,-0.049,-0.119,0.103,0.032,-0.018,-0.105,-0.032,-0.068,-0.049,-0.176,-0.109,-0.121,-0.127,-0.224,-0.121,-0.199,-0.185,-0.009,-0.165,-0.109,-0.022,-0.165,-0.168,-0.235,-0.099,-0.013,0.134,0.026,-0.042,0.008,-0.002,-0.144,0.036,-0.101,-0.134,0.005,-0.106,0.072,0.074,0.019,0.032,0.104,0.063,0.048,0.041,0.086,0.03,0.058,0.097,0.109,0.103,0.124,0.049,0.052,0.014,0.062,-0.051,0.0,0.006,0.072,0.016,0.042,0.116,0.026,0.02,0.029,-0.058,0.059,-0.05,0.219,0.212,0.25,0.063,0.102,0.168,0.139,0.126,0.13,0.119,0.119,0.232,0.219,0.066,0.088,0.123,0.087,0.185,0.217,0.249,0.032,0.244,0.125,0.207,0.213,0.177,0.246,0.312,0.079,0.141,0.008,0.023,0.097,0.012,0.123,0.037,0.001,0.164,0.064,0.278,0.179,0.17,0.092,0.135,0.12,0.218,0.136,-0.108,0.031,0.103,0.25,0.245,0.12
ctx-lh-7Networks_LH_Vis_24,,,,,,,,,,,,,,,,,,,,,,,,,-0.087,-0.056,-0.023,-0.01,-0.038,-0.05,-0.109,0.081,0.038,-0.112,-0.046,-0.063,-0.09,-0.087,-0.063,-0.217,-0.189,-0.126,-0.178,-0.002,-0.045,-0.163,-0.19,-0.174,-0.098,-0.162,-0.012,-0.11,-0.144,0.012,-0.167,-0.052,-0.008,-0.077,-0.048,0.042,-0.129,-0.067,-0.024,-0.119,0.063,0.001,-0.02,-0.02,-0.026,0.11,0.096,0.159,0.059,0.092,0.044,0.095,0.014,0.173,0.078,-0.028,0.108,0.036,0.061,0.094,-0.16,-0.03,0.023,0.089,0.101,0.018,-0.033,0.07,0.003,0.057,0.006,0.08,0.07,0.083,-0.029,0.016,0.024,-0.027,0.115,0.051,-0.017,0.016,0.07,0.209,0.12,0.23,0.034,0.03,-0.003,-0.034,-0.025,-0.111,-0.017,-0.041,-0.204,-0.114,0.111,0.188,0.088,0.065,0.033,0.02,0.009,-0.005,-0.035,0.114,-0.02,-0.057,-0.014,0.151,-0.017,-0.036,0.098,0.019,0.011,0.029,-0.082,-0.04,0.027,0.137,0.132,0.116,0.218,0.09,0.099,0.117,-0.032,0.065,-0.105,-0.109,0.028,-0.134,-0.172,-0.154,0.095,-0.012,-0.099,-0.07,0.055,-0.086,0.056,-0.063,-0.146,-0.1,-0.06,-0.012,-0.148,-0.027,-0.113,-0.01,-0.082,-0.022,-0.017,-0.016,0.014,-0.07,0.114,0.001,-0.107,-0.077,-0.104,-0.066,-0.07,-0.207,-0.141,-0.217,-0.156,-0.182,-0.286,-0.119,-0.197,-0.056,-0.117,-0.137,-0.192,-0.164,-0.142,-0.075,-0.052,0.129,-0.001,-0.134,0.005,-0.078,-0.05,-0.138,0.005,-0.184,-0.191,0.053,-0.076,-0.061,-0.113,-0.143,-0.093,0.056,0.051,0.068,0.067,0.109,-0.017,0.112,0.1,-0.012,-0.002,0.113,0.046,0.098,-0.0,-0.004,-0.004,-0.033,-0.074,0.128,0.045,0.09,0.16,0.083,0.0,0.107,0.082,0.087,0.023,0.132,0.085,0.059,-0.032,0.021,0.076,0.015,0.001,-0.016,0.016,-0.041,0.126,0.03,-0.006,-0.034,-0.006,-0.036,0.239,0.154,0.223,0.01,0.093,0.001,0.186,0.145,0.14,0.128,0.092,0.053,0.049,-0.029,-0.056,0.059,-0.072,0.073,0.053,-0.098,0.027,0.009,0.054,0.011,0.067,0.045,-0.04,0.01,0.021,-0.065,0.112,0.17,0.155,0.092,0.191,0.071
ctx-lh-7Networks_LH_SomMot_1,,,,,,,,,,,,,,,,,,,,,,,,,,-0.163,-0.194,-0.214,-0.314,-0.218,-0.211,-0.265,-0.176,-0.188,-0.146,-0.142,-0.211,-0.26,-0.184,-0.236,-0.192,-0.184,-0.182,-0.228,-0.147,-0.142,-0.196,-0.113,-0.314,-0.316,-0.19,-0.173,-0.159,0.058,0.013,0.011,-0.042,0.101,-0.052,0.089,-0.064,-0.071,-0.023,-0.023,-0.035,-0.04,-0.051,-0.018,-0.104,-0.192,-0.169,-0.006,-0.159,0.058,-0.059,-0.066,-0.103,-0.099,-0.213,-0.068,0.101,-0.12,-0.162,-0.125,-0.111,-0.004,-0.034,-0.008,0.171,0.119,0.12,-0.005,-0.106,0.121,-0.11,-0.004,0.035,0.024,0.024,0.04,0.049,0.025,0.079,0.01,-0.076,0.047,-0.104,0.096,0.07,0.075,-0.071,-0.082,-0.067,0.071,-0.284,-0.265,-0.159,-0.13,-0.306,-0.201,-0.141,-0.004,-0.112,-0.081,-0.174,-0.187,-0.047,0.051,-0.138,-0.237,-0.096,-0.085,-0.088,-0.006,-0.119,-0.145,0.01,-0.073,-0.158,0.008,-0.139,-0.067,-0.107,-0.058,-0.04,-0.117,0.075,-0.069,-0.157,-0.053,0.061,0.041,-0.009,-0.067,0.034,-0.034,-0.055,-0.059,0.126,0.077,-0.044,-0.102,0.187,-0.001,0.066,-0.02,0.014,0.007,-0.094,-0.074,-0.069,0.079,-0.176,-0.157,-0.277,-0.194,-0.18,-0.149,-0.184,-0.231,-0.2,-0.191,-0.105,-0.139,-0.082,-0.214,-0.13,-0.092,-0.242,-0.202,-0.113,-0.123,-0.072,-0.128,-0.241,-0.082,-0.177,-0.192,-0.084,-0.199,-0.159,0.007,0.105,-0.061,0.1,0.128,-0.005,0.105,0.103,-0.1,0.043,0.046,0.05,-0.029,-0.165,0.035,-0.021,-0.019,-0.006,-0.185,-0.116,-0.205,-0.033,0.023,-0.01,0.056,-0.101,0.043,-0.037,-0.196,-0.047,-0.093,-0.162,0.011,-0.156,-0.121,-0.002,-0.019,-0.025,-0.043,0.019,0.142,0.121,0.082,0.018,-0.006,-0.135,0.121,0.185,0.132,0.089,0.062,0.141,0.155,0.093,0.031,0.113,0.01,0.165,0.085,-0.026,0.131,0.073,0.068,0.09,0.128,0.117,0.043,0.151,0.043,-0.059,-0.04,0.051,0.073,0.007,-0.11,-0.07,-0.229,-0.223,-0.056,-0.218,-0.001,-0.046,-0.132,-0.11,-0.09,-0.102,-0.085,-0.207,0.104,0.004,0.09,0.154,0.028,-0.064,-0.04,-0.067,0.055,0.034,0.008
ctx-lh-7Networks_LH_SomMot_2,,,,,,,,,,,,,,,,,,,,,,,,,,,-0.109,-0.225,-0.193,-0.245,-0.252,-0.158,-0.202,-0.125,-0.118,-0.163,-0.253,-0.288,-0.15,-0.241,-0.249,-0.301,-0.207,-0.17,-0.186,-0.17,-0.221,-0.193,-0.344,-0.379,-0.199,-0.283,-0.277,-0.083,0.005,0.006,-0.088,0.111,-0.021,0.04,-0.04,-0.021,-0.092,-0.057,-0.059,-0.036,-0.037,0.031,-0.094,-0.143,-0.109,0.039,-0.211,0.114,-0.056,0.034,-0.011,-0.086,-0.058,-0.063,0.216,-0.038,-0.127,-0.144,-0.162,-0.084,0.009,0.006,0.114,0.025,0.028,-0.035,-0.105,0.083,-0.013,-0.067,0.005,0.078,0.058,0.006,0.006,-0.087,0.09,-0.015,-0.106,0.051,-0.161,0.12,-0.023,0.171,-0.056,-0.176,-0.192,-0.038,-0.252,-0.265,-0.27,-0.222,-0.306,-0.292,-0.201,-0.063,-0.182,-0.185,-0.179,-0.194,-0.09,0.117,-0.157,-0.287,-0.046,-0.2,-0.151,0.078,-0.151,-0.19,0.005,-0.1,-0.203,-0.022,-0.19,-0.139,-0.228,-0.137,-0.115,-0.176,0.124,-0.092,-0.135,-0.125,-0.027,0.02,-0.003,-0.032,-0.019,-0.05,-0.054,-0.182,0.136,0.116,-0.166,-0.057,0.214,0.054,0.034,-0.059,0.042,0.094,-0.067,-0.157,0.028,0.139,-0.102,-0.247,-0.254,-0.197,-0.208,-0.198,-0.224,-0.296,-0.151,-0.145,-0.097,-0.179,-0.063,-0.263,-0.159,-0.133,-0.275,-0.192,-0.157,-0.129,-0.082,-0.248,-0.327,-0.172,-0.194,-0.228,-0.138,-0.15,-0.205,0.014,0.138,0.001,0.102,0.091,0.015,0.121,0.113,-0.087,0.067,0.006,-0.003,-0.028,-0.107,0.013,0.015,-0.056,-0.017,-0.126,0.007,-0.137,-0.016,0.091,0.012,0.133,0.081,0.11,0.081,-0.069,0.022,-0.043,-0.14,0.09,-0.211,-0.107,-0.018,0.018,0.002,-0.088,0.036,0.092,0.122,0.099,-0.003,0.01,-0.138,0.178,0.186,0.099,0.041,-0.006,0.112,0.188,0.091,0.112,0.159,-0.001,0.239,0.166,-0.121,0.138,0.006,0.005,0.169,0.129,0.174,0.053,0.16,-0.022,-0.068,-0.053,0.036,0.006,-0.039,-0.141,-0.052,-0.232,-0.312,-0.082,-0.308,-0.077,-0.073,-0.144,-0.061,-0.038,-0.029,-0.095,-0.221,0.13,-0.055,0.031,0.163,0.011,-0.169,-0.098,-0.101,0.042,-0.039,-0.038
ctx-lh-7Networks_LH_SomMot_3,,,,,,,,,,,,,,,,,,,,,,,,,,,,-0.177,-0.242,-0.116,-0.147,-0.14,-0.138,-0.12,-0.082,-0.038,-0.163,-0.229,-0.063,-0.06,-0.183,-0.181,-0.04,-0.073,-0.064,-0.129,-0.108,-0.022,-0.263,-0.308,-0.137,-0.132,-0.122,-0.085,-0.062,0.021,0.024,0.041,0.006,-0.002,-0.009,-0.009,-0.002,-0.028,-0.088,-0.021,0.106,0.044,-0.003,-0.01,-0.031,0.074,-0.064,-0.0,-0.019,0.109,0.011,0.073,-0.086,-0.09,0.141,-0.008,-0.141,-0.201,-0.088,-0.027,-0.142,0.036,0.15,0.061,0.039,0.05,-0.007,-0.18,-0.02,-0.041,-0.075,-0.056,-0.01,-0.088,0.094,0.089,-0.004,0.023,-0.041,0.075,-0.1,0.009,-0.096,0.073,-0.081,-0.078,-0.161,-0.11,-0.067,-0.09,-0.132,-0.235,-0.154,-0.084,-0.185,-0.05,-0.071,-0.209,-0.179,-0.23,-0.002,0.096,-0.159,-0.011,-0.095,-0.029,-0.106,0.085,-0.146,-0.089,0.002,-0.05,-0.037,-0.144,-0.097,0.028,-0.207,-0.18,-0.122,-0.19,0.036,-0.186,-0.18,-0.221,-0.076,-0.086,-0.013,-0.051,0.05,-0.049,-0.031,-0.08,-0.045,-0.039,-0.088,0.023,0.185,0.05,0.145,-0.035,0.069,0.122,0.103,-0.123,0.072,0.076,0.035,-0.103,-0.164,-0.244,-0.289,-0.185,-0.138,-0.189,-0.081,-0.161,-0.104,-0.059,-0.162,-0.227,-0.098,-0.078,-0.232,-0.154,-0.107,-0.088,-0.076,-0.143,-0.28,-0.187,-0.15,-0.088,-0.054,-0.158,-0.159,-0.035,0.076,-0.025,-0.03,0.085,0.063,0.149,0.119,0.008,0.072,0.11,0.009,-0.049,-0.102,0.063,0.084,0.012,0.038,-0.095,0.0,-0.09,-0.079,0.137,0.092,0.097,-0.014,0.185,0.022,0.018,0.14,-0.025,-0.126,-0.036,-0.199,-0.06,0.095,-0.033,-0.02,-0.074,0.042,0.045,0.169,0.066,0.013,-0.05,-0.069,0.146,0.122,0.051,-0.1,0.001,0.134,0.126,0.147,0.122,0.161,0.045,0.23,0.132,0.009,0.129,0.078,0.027,0.106,-0.019,0.104,-0.054,0.107,0.061,-0.05,-0.187,-0.046,-0.068,-0.061,-0.077,-0.045,-0.087,-0.164,-0.073,-0.157,0.023,0.071,0.077,-0.215,-0.005,-0.101,-0.098,-0.185,-0.01,0.028,-0.042,0.043,0.083,-0.229,-0.146,-0.177,-0.109,-0.12,-0.087
ctx-lh-7Networks_LH_SomMot_4,,,,,,,,,,,,,,,,,,,,,,,,,,,,,-0.164,-0.202,-0.154,-0.092,-0.163,-0.069,-0.01,-0.152,-0.174,-0.256,-0.128,-0.063,-0.073,-0.153,-0.08,-0.106,0.033,-0.017,-0.053,0.065,-0.279,-0.287,-0.098,-0.151,-0.204,-0.05,0.026,0.082,0.028,0.029,0.011,0.05,0.126,0.045,0.033,0.085,0.035,-0.024,0.014,0.08,0.014,-0.101,-0.087,0.063,-0.022,-0.024,-0.056,0.032,0.028,-0.027,-0.086,-0.003,0.11,-0.069,-0.119,-0.08,-0.034,-0.108,-0.054,0.062,0.177,0.093,0.07,-0.027,0.039,-0.117,-0.051,-0.03,-0.085,-0.099,-0.07,-0.097,-0.004,-0.033,0.026,-0.041,-0.089,-0.029,-0.074,-0.033,-0.057,-0.057,-0.089,-0.11,-0.051,-0.074,-0.135,-0.056,-0.096,-0.141,-0.128,-0.105,-0.069,-0.047,0.004,-0.143,-0.165,-0.28,-0.042,0.068,-0.124,-0.135,-0.122,-0.04,-0.115,-0.004,-0.058,-0.096,0.026,-0.028,-0.132,-0.105,-0.155,-0.038,-0.271,-0.171,-0.106,-0.118,0.022,-0.188,-0.201,-0.087,0.006,-0.054,-0.032,-0.078,0.002,-0.077,-0.18,-0.166,-0.077,-0.04,-0.203,0.067,0.104,0.074,-0.021,-0.135,0.067,0.132,0.029,-0.171,0.036,0.094,-0.094,-0.163,-0.132,-0.298,-0.214,-0.224,-0.097,-0.295,-0.111,-0.098,-0.064,0.01,-0.121,-0.173,-0.141,0.03,-0.226,-0.122,0.044,-0.054,-0.068,-0.129,-0.296,-0.179,-0.089,-0.238,0.018,-0.199,-0.183,-0.018,0.074,0.041,0.008,0.152,0.126,0.116,0.112,0.108,0.09,0.173,0.135,0.027,0.01,0.091,0.118,0.106,0.113,-0.068,-0.029,-0.06,-0.016,0.146,0.12,0.007,-0.04,0.133,0.013,-0.037,0.103,-0.024,-0.194,-0.002,-0.156,-0.078,0.139,-0.064,-0.093,-0.027,-0.046,0.055,0.117,0.082,-0.028,0.035,-0.166,0.228,0.134,0.054,-0.127,-0.005,0.029,0.089,0.141,0.08,0.082,0.021,0.228,0.162,0.061,0.102,0.072,-0.034,0.036,0.024,0.048,-0.003,0.05,-0.005,0.049,-0.057,0.035,-0.028,0.02,-0.01,-0.019,-0.038,-0.128,-0.057,-0.181,-0.087,-0.037,0.042,-0.204,0.03,-0.102,-0.073,-0.127,-0.036,0.036,-0.02,0.145,0.091,-0.238,-0.149,-0.092,-0.101,0.01,-0.028
ctx-lh-7Networks_LH_SomMot_5,,,,,,,,,,,,,,,,,,,,,,,,,,,,,,-0.153,-0.106,-0.137,-0.075,-0.184,-0.056,-0.091,-0.219,-0.254,-0.121,-0.215,-0.173,-0.152,-0.201,-0.052,-0.039,-0.076,-0.08,-0.067,-0.19,-0.279,-0.058,-0.124,-0.14,-0.118,-0.092,0.03,0.004,0.009,0.026,-0.012,0.012,0.048,-0.015,-0.005,0.034,-0.015,0.066,0.06,-0.028,-0.024,0.026,0.075,-0.11,0.016,-0.052,0.2,0.04,0.118,0.087,-0.038,0.195,-0.002,-0.053,-0.04,-0.024,-0.06,-0.134,-0.029,0.158,0.043,-0.029,-0.002,-0.073,-0.097,-0.177,-0.039,-0.062,-0.054,-0.012,-0.056,0.075,-0.043,0.027,0.041,-0.101,0.069,-0.083,0.068,-0.048,0.064,0.004,-0.093,-0.238,-0.111,-0.21,-0.132,-0.239,-0.243,-0.23,-0.169,-0.058,-0.08,-0.027,-0.146,-0.135,-0.214,-0.147,0.09,-0.107,-0.041,-0.034,0.024,-0.039,0.117,-0.114,-0.116,0.088,0.008,-0.06,-0.079,-0.024,0.056,-0.252,-0.2,-0.171,-0.142,0.098,-0.135,-0.111,-0.14,-0.093,-0.12,-0.037,-0.011,0.01,-0.114,-0.072,-0.105,-0.048,0.013,-0.22,0.027,0.241,0.03,0.116,-0.146,0.058,0.118,0.049,-0.163,0.047,0.043,-0.059,-0.192,-0.167,-0.223,-0.267,-0.217,-0.068,-0.138,-0.18,-0.106,-0.19,-0.08,-0.217,-0.254,-0.182,-0.15,-0.21,-0.14,-0.094,-0.145,-0.215,-0.166,-0.257,-0.157,-0.153,-0.202,0.009,-0.147,-0.184,-0.075,0.031,-0.004,-0.072,0.081,0.005,0.055,0.105,0.0,0.033,0.06,0.059,0.071,0.021,0.044,0.089,-0.026,0.03,-0.067,0.026,-0.006,0.043,0.135,0.014,0.023,-0.007,0.185,0.043,0.053,0.089,0.003,-0.09,0.033,-0.122,-0.052,0.115,-0.035,-0.088,-0.046,0.021,-0.022,0.019,0.046,-0.028,-0.089,-0.215,0.194,0.112,-0.017,-0.207,0.001,0.014,0.182,0.08,0.053,0.153,-0.072,0.23,0.169,-0.094,0.157,0.013,-0.078,0.102,-0.063,0.073,-0.084,0.156,0.088,-0.009,-0.134,-0.023,-0.135,-0.014,-0.112,-0.085,-0.122,-0.164,-0.147,-0.133,-0.067,-0.066,-0.013,-0.158,0.087,-0.046,-0.052,-0.134,0.064,-0.012,-0.037,0.037,0.103,-0.26,-0.228,-0.131,-0.036,-0.091,-0.043
ctx-lh-7Networks_LH_SomMot_6,,,,,,,,,,,,,,,,,,,,,,,,,,,,,,,-0.23,-0.053,-0.009,-0.106,-0.044,-0.12,-0.154,-0.292,-0.088,-0.234,-0.156,-0.298,-0.205,-0.094,-0.106,-0.206,-0.228,-0.157,-0.27,-0.366,-0.177,-0.184,-0.268,-0.156,-0.073,0.016,-0.074,0.079,0.041,0.109,0.008,0.035,0.017,0.029,-0.0,-0.016,0.032,0.121,-0.042,0.071,-0.003,0.137,-0.094,0.009,0.084,0.136,0.002,0.153,-0.015,0.036,0.278,0.008,-0.025,-0.02,-0.122,-0.044,0.025,-0.007,0.092,-0.028,-0.082,-0.006,-0.046,-0.089,-0.085,-0.028,-0.017,0.142,-0.0,-0.044,0.001,-0.039,0.093,-0.033,-0.014,0.027,-0.029,0.099,0.078,0.162,0.027,0.061,-0.152,-0.123,-0.232,-0.164,-0.052,-0.077,-0.171,-0.06,-0.023,0.042,-0.029,-0.053,-0.028,-0.162,-0.0,0.049,-0.075,-0.027,0.018,-0.037,0.034,0.179,-0.025,-0.052,0.066,-0.033,0.037,-0.043,-0.032,0.076,-0.259,-0.137,-0.108,-0.017,0.059,-0.008,0.016,0.097,-0.078,-0.166,-0.044,-0.049,-0.018,-0.144,-0.036,-0.134,0.045,0.061,-0.162,-0.175,0.247,0.088,0.152,-0.041,0.056,0.034,0.014,-0.106,0.081,0.107,0.012,-0.139,-0.174,-0.123,-0.174,-0.239,-0.182,-0.233,-0.098,-0.148,-0.071,-0.097,-0.066,-0.172,-0.115,-0.182,-0.257,-0.158,-0.104,-0.15,-0.141,-0.186,-0.295,-0.145,-0.242,-0.228,-0.187,-0.129,-0.242,-0.042,0.048,-0.031,0.027,0.009,-0.019,0.085,0.092,-0.008,0.071,0.038,0.05,0.058,-0.076,0.041,-0.004,-0.107,0.031,-0.049,0.029,-0.031,-0.005,0.095,0.061,0.059,-0.006,0.144,0.058,0.082,0.106,-0.013,-0.05,0.131,-0.116,-0.021,0.011,0.036,0.012,-0.121,0.072,0.012,0.007,0.077,-0.059,-0.098,-0.135,0.196,0.153,0.063,-0.096,0.027,0.087,0.109,-0.012,0.064,0.06,0.007,0.199,0.237,-0.094,0.126,0.037,0.056,0.115,0.167,0.152,0.073,0.196,0.118,0.011,-0.016,0.07,-0.037,0.02,-0.021,-0.138,-0.173,-0.033,0.009,-0.049,-0.047,-0.016,-0.011,-0.098,-0.082,-0.033,-0.01,-0.072,0.137,-0.048,0.106,0.056,0.12,-0.249,-0.115,-0.047,-0.01,0.064,0.077
ctx-lh-7Networks_LH_SomMot_7,,,,,,,,,,,,,,,,,,,,,,,,,,,,,,,,-0.122,-0.181,-0.174,-0.062,-0.177,-0.223,-0.305,-0.083,-0.259,-0.267,-0.342,-0.278,-0.127,-0.126,-0.192,-0.245,-0.1,-0.282,-0.437,-0.139,-0.144,-0.264,-0.018,-0.004,0.029,-0.024,0.05,-0.05,0.058,-0.045,0.004,-0.029,-0.067,-0.002,-0.071,0.018,0.047,0.025,-0.062,-0.019,0.127,-0.084,0.137,-0.062,0.148,0.025,0.09,0.007,-0.01,0.195,0.009,-0.073,-0.076,-0.052,0.026,-0.031,0.001,0.185,0.051,0.009,0.046,-0.032,-0.074,-0.061,-0.052,-0.065,0.002,-0.061,-0.033,-0.011,-0.01,0.046,0.062,-0.097,0.023,-0.141,0.006,-0.056,0.071,-0.083,-0.148,-0.202,-0.094,-0.193,-0.112,-0.192,-0.219,-0.265,-0.156,-0.148,-0.103,-0.065,-0.206,-0.161,-0.196,-0.105,0.007,-0.138,-0.07,-0.049,-0.139,-0.058,0.117,-0.138,-0.2,-0.05,-0.072,-0.124,-0.158,-0.178,0.002,-0.309,-0.225,-0.203,-0.163,0.06,-0.187,-0.12,-0.161,0.045,-0.019,-0.049,-0.006,-0.033,-0.046,-0.106,-0.164,-0.027,0.117,-0.2,-0.078,0.233,0.105,0.133,-0.082,0.066,0.099,-0.039,-0.153,-0.061,0.078,-0.126,-0.211,-0.132,-0.177,-0.198,-0.246,-0.085,-0.23,-0.088,-0.176,-0.166,-0.171,-0.128,-0.251,-0.157,-0.185,-0.319,-0.213,-0.124,-0.189,-0.242,-0.17,-0.425,-0.207,-0.205,-0.242,-0.121,-0.178,-0.318,0.035,0.114,0.067,-0.028,0.061,-0.069,0.091,0.041,-0.048,0.026,0.029,-0.005,0.003,-0.051,0.04,0.051,-0.08,0.004,-0.024,0.015,-0.038,0.011,0.168,0.082,0.107,0.175,0.212,0.074,0.136,0.137,0.043,-0.118,0.073,-0.096,-0.003,0.12,-0.0,-0.074,-0.072,-0.036,0.041,0.115,0.105,0.051,-0.009,-0.098,0.186,0.126,0.012,-0.13,0.047,0.067,0.079,0.055,0.027,0.149,-0.011,0.283,0.184,-0.072,0.077,-0.031,-0.076,0.153,0.044,0.124,0.001,0.229,0.123,-0.011,-0.126,0.013,-0.082,-0.063,-0.038,-0.087,-0.097,-0.112,-0.092,-0.122,-0.087,0.001,-0.006,-0.107,-0.087,-0.085,-0.101,-0.17,0.084,-0.135,-0.072,-0.019,0.01,-0.27,-0.142,-0.142,-0.126,-0.065,-0.054
ctx-lh-7Networks_LH_SomMot_8,,,,,,,,,,,,,,,,,,,,,,,,,,,,,,,,,-0.036,-0.066,-0.07,-0.092,-0.157,-0.155,-0.087,-0.129,-0.166,-0.177,-0.11,-0.09,0.07,-0.209,-0.075,-0.006,-0.152,-0.297,-0.061,-0.119,-0.163,-0.079,-0.035,0.029,-0.046,0.082,0.058,0.083,0.035,0.063,0.078,0.122,0.052,-0.115,0.039,-0.005,-0.062,0.021,-0.022,0.138,-0.071,-0.031,-0.043,0.109,-0.014,0.065,-0.08,-0.01,0.183,0.061,-0.074,-0.026,-0.058,-0.06,-0.106,-0.043,0.002,-0.052,-0.093,0.001,-0.059,-0.024,-0.062,-0.027,-0.081,-0.03,-0.012,-0.069,-0.098,-0.073,-0.032,-0.039,-0.008,0.01,-0.002,0.025,-0.001,0.027,-0.016,-0.017,-0.174,-0.155,-0.147,-0.192,-0.076,-0.238,-0.122,-0.052,-0.107,-0.128,-0.007,-0.168,-0.107,-0.204,-0.134,0.043,-0.101,-0.037,-0.059,0.019,-0.023,0.184,-0.078,-0.065,-0.025,-0.083,-0.004,-0.202,-0.027,0.063,-0.217,-0.243,-0.215,-0.148,-0.028,-0.156,-0.119,-0.074,-0.089,-0.137,0.024,0.072,0.007,-0.01,0.085,0.008,0.043,0.076,-0.057,0.041,0.225,0.096,0.257,0.046,0.135,0.129,0.129,-0.043,0.165,0.087,0.059,-0.181,-0.133,-0.122,-0.12,-0.148,-0.082,-0.137,-0.093,-0.053,-0.002,-0.032,-0.13,-0.102,-0.128,-0.162,-0.133,-0.083,0.077,-0.091,-0.126,-0.139,-0.251,-0.096,-0.12,-0.172,-0.044,-0.101,-0.156,-0.008,0.03,-0.024,-0.048,0.173,0.085,0.128,0.055,0.056,0.046,0.105,0.145,0.106,0.041,0.1,-0.077,0.017,0.075,-0.094,0.076,-0.056,0.002,0.143,-0.014,0.036,-0.045,0.053,0.003,0.069,0.085,-0.002,-0.091,0.006,-0.044,-0.003,0.08,-0.074,-0.036,-0.074,-0.073,0.026,0.017,-0.005,-0.008,-0.12,-0.145,0.239,0.141,0.022,-0.187,-0.075,-0.051,0.039,-0.064,-0.103,0.082,-0.03,0.158,0.1,-0.123,0.086,-0.057,-0.111,0.009,-0.076,-0.011,-0.028,0.104,0.101,-0.022,-0.113,-0.057,-0.139,-0.003,-0.072,-0.121,-0.132,-0.106,-0.082,-0.094,-0.092,0.015,-0.075,-0.18,-0.056,-0.054,-0.079,-0.096,0.076,-0.035,-0.03,-0.081,0.089,-0.28,-0.214,-0.167,-0.123,-0.093,-0.023
ctx-lh-7Networks_LH_SomMot_9,,,,,,,,,,,,,,,,,,,,,,,,,,,,,,,,,,-0.078,-0.06,0.025,-0.191,-0.271,0.011,-0.206,-0.204,-0.202,-0.198,-0.135,-0.101,-0.151,-0.11,-0.1,-0.182,-0.235,-0.088,-0.151,-0.059,0.009,0.044,0.106,0.05,0.176,0.049,0.128,-0.049,0.147,0.129,0.029,0.043,0.017,0.142,0.138,-0.022,-0.005,0.047,0.178,-0.02,0.075,-0.013,0.213,-0.015,0.066,-0.004,0.069,0.145,-0.011,-0.005,0.038,-0.01,-0.034,-0.089,-0.041,0.194,0.161,0.025,0.105,-0.078,-0.066,-0.055,-0.003,-0.042,-0.003,0.083,0.026,-0.031,-0.096,-0.016,0.031,-0.046,0.096,-0.049,0.068,0.102,0.007,-0.033,-0.055,-0.244,-0.121,-0.209,-0.197,-0.162,-0.213,-0.156,-0.103,-0.149,-0.012,-0.082,-0.265,-0.178,-0.27,-0.132,0.021,-0.198,-0.122,-0.127,-0.107,-0.202,0.088,-0.216,-0.23,0.037,-0.121,-0.073,-0.109,-0.106,0.073,-0.258,-0.271,-0.24,-0.28,0.001,-0.245,-0.11,-0.151,-0.024,-0.033,0.009,0.014,0.061,0.051,0.011,0.014,-0.004,0.13,-0.141,0.067,0.185,0.081,0.116,-0.08,0.098,0.09,0.066,-0.14,0.084,0.131,0.002,-0.145,-0.187,-0.141,-0.193,-0.203,-0.019,-0.23,-0.04,-0.186,-0.087,-0.15,-0.071,-0.203,-0.012,-0.189,-0.215,-0.129,-0.088,-0.109,-0.152,-0.092,-0.217,-0.085,-0.096,-0.184,-0.003,-0.075,-0.155,0.063,0.028,0.106,-0.036,0.113,-0.015,0.15,0.101,-0.004,0.101,0.11,0.097,0.129,-0.037,0.102,0.032,0.013,0.051,-0.036,0.005,-0.035,-0.073,0.127,0.064,0.085,0.101,0.175,-0.004,0.103,0.086,-0.011,-0.1,0.099,-0.017,0.009,0.15,0.035,0.036,-0.127,-0.026,0.081,0.081,0.182,0.017,0.013,-0.105,0.204,0.146,-0.002,-0.18,-0.136,-0.025,0.048,-0.008,-0.099,0.075,-0.058,0.19,0.111,-0.123,0.091,-0.073,-0.145,0.051,-0.047,0.006,-0.102,0.062,0.062,-0.005,-0.161,0.005,-0.201,-0.063,-0.082,-0.226,-0.137,-0.168,-0.144,-0.111,-0.164,-0.062,-0.101,-0.225,-0.055,-0.171,-0.137,-0.256,0.012,-0.183,-0.064,-0.095,0.002,-0.258,-0.179,-0.296,-0.183,-0.22,0.035
ctx-lh-7Networks_LH_SomMot_10,,,,,,,,,,,,,,,,,,,,,,,,,,,,,,,,,,,-0.088,-0.197,-0.248,-0.248,-0.072,-0.307,-0.341,-0.318,-0.322,-0.092,-0.179,-0.334,-0.224,-0.228,-0.365,-0.44,-0.212,-0.214,-0.253,-0.122,-0.115,0.006,-0.144,-0.025,0.023,-0.065,-0.136,0.012,-0.095,-0.138,-0.037,-0.028,0.019,-0.08,-0.031,0.171,0.082,0.293,-0.091,0.199,0.051,0.204,0.1,0.22,0.065,-0.036,0.31,0.196,0.066,0.033,-0.133,-0.053,-0.16,-0.01,0.151,-0.025,-0.077,0.051,-0.066,0.002,0.017,0.074,-0.093,0.036,0.021,-0.104,0.029,-0.03,0.053,0.071,-0.077,0.118,-0.133,0.129,-0.092,0.224,0.143,0.039,-0.191,-0.134,-0.142,-0.168,-0.112,-0.215,-0.166,-0.13,-0.244,-0.131,0.004,-0.181,-0.118,-0.253,-0.076,0.074,-0.064,-0.022,0.028,-0.049,-0.127,0.329,-0.105,-0.128,0.094,-0.118,-0.075,-0.247,-0.03,0.031,-0.257,-0.227,-0.22,-0.192,0.165,-0.123,0.055,-0.163,-0.066,-0.108,-0.116,-0.069,-0.045,-0.14,-0.049,-0.102,0.041,0.063,-0.118,-0.139,0.258,0.03,0.183,-0.089,0.114,-0.013,0.047,-0.13,-0.018,-0.029,-0.085,-0.137,-0.278,-0.045,-0.186,-0.194,-0.209,-0.17,-0.03,-0.199,-0.28,-0.189,-0.222,-0.31,-0.09,-0.301,-0.323,-0.318,-0.166,-0.286,-0.266,-0.273,-0.439,-0.222,-0.25,-0.121,-0.249,-0.235,-0.342,-0.114,0.019,-0.125,-0.09,0.107,-0.134,0.011,0.035,-0.176,-0.006,-0.005,-0.119,0.013,-0.171,-0.021,-0.037,-0.195,-0.031,-0.075,0.04,-0.019,0.104,0.219,-0.001,0.198,0.114,0.28,0.176,0.214,0.189,0.153,0.017,0.141,-0.088,-0.043,0.062,-0.082,-0.014,-0.055,-0.032,0.104,0.042,0.068,-0.078,-0.141,-0.1,0.309,0.228,0.05,-0.162,0.026,0.061,0.137,0.053,0.023,0.203,0.025,0.331,0.302,-0.089,0.149,0.045,-0.094,0.223,0.025,0.269,0.144,0.326,0.198,0.019,-0.202,-0.102,-0.145,0.045,-0.062,-0.142,-0.196,-0.17,-0.145,-0.194,0.016,0.1,0.085,-0.23,-0.004,0.012,-0.056,-0.121,0.228,-0.007,-0.016,-0.046,0.133,-0.235,-0.183,-0.159,0.035,-0.058,-0.016
ctx-lh-7Networks_LH_SomMot_11,,,,,,,,,,,,,,,,,,,,,,,,,,,,,,,,,,,,-0.039,-0.147,-0.165,0.013,-0.164,-0.115,-0.172,-0.208,-0.113,0.007,-0.135,-0.07,-0.168,-0.126,-0.173,0.007,-0.122,-0.058,0.119,0.09,0.11,-0.031,0.148,-0.012,0.112,-0.083,0.126,0.095,-0.003,0.003,0.073,0.131,0.073,-0.065,0.025,0.139,0.161,0.013,0.098,0.006,0.181,-0.039,0.034,0.024,0.038,0.08,0.072,0.054,0.058,-0.095,0.004,-0.096,0.041,0.068,0.041,-0.014,0.007,-0.114,-0.056,-0.111,-0.017,0.021,0.077,0.103,0.106,0.092,-0.052,0.028,0.121,0.025,0.03,0.021,0.079,0.005,0.099,0.014,0.045,-0.236,0.054,-0.208,-0.174,-0.181,-0.124,-0.088,-0.004,-0.136,-0.042,-0.059,-0.192,-0.195,-0.199,-0.141,0.024,-0.172,-0.04,-0.103,-0.126,-0.159,0.129,-0.165,-0.188,0.043,0.009,-0.024,-0.052,-0.023,0.092,-0.212,-0.204,-0.189,-0.211,0.057,-0.132,0.022,-0.056,0.039,-0.043,-0.064,-0.022,0.038,0.047,-0.072,-0.038,0.049,0.075,-0.107,0.058,0.155,0.075,0.085,-0.103,-0.014,0.068,-0.041,-0.092,0.028,0.114,-0.078,-0.099,-0.183,-0.043,-0.066,-0.134,-0.036,-0.076,-0.009,0.041,-0.097,-0.125,-0.03,-0.167,-0.075,-0.091,-0.125,-0.105,-0.059,-0.033,-0.12,-0.052,-0.142,-0.069,-0.038,-0.066,-0.066,0.031,-0.132,0.147,0.043,0.013,0.004,0.109,-0.018,0.174,0.084,-0.016,0.138,0.138,0.09,0.126,0.048,0.085,-0.028,-0.026,0.078,-0.028,-0.049,0.092,0.007,0.148,0.016,0.131,0.193,0.078,0.057,0.144,0.016,0.055,0.035,0.082,0.055,-0.047,0.104,0.053,-0.026,-0.062,0.06,0.002,0.072,0.084,-0.048,0.024,-0.097,0.175,0.171,0.072,-0.08,-0.097,0.049,-0.008,-0.079,-0.088,0.144,-0.032,0.201,-0.032,-0.003,0.092,-0.048,-0.079,0.125,-0.021,0.081,0.046,0.046,0.007,-0.025,-0.168,-0.054,-0.143,-0.068,-0.107,-0.236,-0.136,-0.201,-0.156,-0.173,-0.146,-0.137,-0.108,-0.212,-0.09,-0.174,-0.177,-0.263,-0.017,-0.187,-0.099,-0.137,-0.074,-0.239,-0.164,-0.273,-0.078,-0.171,0.071
ctx-lh-7Networks_LH_SomMot_12,,,,,,,,,,,,,,,,,,,,,,,,,,,,,,,,,,,,,-0.268,-0.166,-0.1,-0.126,-0.239,-0.276,-0.167,-0.045,-0.125,-0.264,-0.213,-0.124,-0.305,-0.343,-0.165,-0.212,-0.263,-0.105,-0.026,0.069,-0.168,-0.064,-0.097,-0.114,-0.103,-0.027,-0.063,0.012,-0.011,-0.042,0.003,0.024,-0.109,0.079,0.1,0.122,-0.079,0.183,0.087,0.282,0.155,0.162,0.071,-0.104,0.281,0.201,-0.009,0.0,-0.041,-0.039,-0.039,0.06,0.194,0.13,0.028,0.118,0.014,0.022,0.072,-0.1,-0.229,-0.133,-0.096,-0.083,-0.013,-0.117,0.005,0.04,-0.158,0.035,-0.15,0.072,-0.134,0.172,0.136,-0.026,-0.092,-0.097,-0.032,-0.056,-0.003,-0.189,-0.034,-0.117,-0.256,-0.207,0.003,-0.287,-0.077,-0.153,-0.085,-0.003,-0.044,-0.103,0.121,0.01,-0.047,0.379,-0.159,-0.213,0.024,-0.125,-0.046,-0.326,-0.068,0.056,-0.262,-0.263,-0.233,-0.219,0.168,-0.184,-0.005,-0.114,-0.024,-0.123,-0.055,-0.03,-0.038,0.066,-0.041,-0.138,0.049,0.124,-0.095,-0.052,0.164,0.067,0.111,-0.089,0.056,-0.012,0.062,-0.155,0.007,-0.036,-0.02,-0.09,-0.15,-0.047,-0.178,-0.144,-0.158,-0.239,0.009,-0.119,-0.201,-0.15,-0.235,-0.255,-0.033,-0.133,-0.295,-0.243,-0.117,-0.186,-0.132,-0.217,-0.313,-0.27,-0.185,-0.178,-0.18,-0.225,-0.31,-0.015,0.103,-0.119,-0.202,0.021,-0.125,-0.021,-0.026,-0.088,-0.007,0.002,-0.014,0.005,-0.124,0.012,-0.122,-0.13,-0.059,-0.078,0.054,-0.021,0.075,0.171,-0.032,0.152,0.122,0.263,0.17,0.206,0.066,0.189,0.001,0.043,-0.046,0.007,0.106,0.044,0.037,0.026,0.072,0.139,0.106,0.106,0.055,-0.028,-0.043,0.191,0.076,-0.126,-0.103,-0.078,-0.006,0.116,0.027,-0.036,0.148,-0.078,0.265,0.267,-0.155,0.112,-0.082,-0.117,0.166,-0.018,0.18,0.021,0.398,0.216,0.02,-0.186,-0.168,-0.247,-0.042,0.016,-0.086,-0.133,-0.031,-0.102,-0.072,0.004,0.013,0.035,-0.101,-0.063,0.124,-0.07,-0.076,0.335,-0.152,-0.07,-0.169,0.087,-0.286,-0.213,-0.238,-0.122,-0.131,-0.05
ctx-lh-7Networks_LH_SomMot_13,,,,,,,,,,,,,,,,,,,,,,,,,,,,,,,,,,,,,,-0.232,-0.179,-0.375,-0.243,-0.299,-0.334,-0.089,-0.115,-0.236,-0.235,-0.087,-0.263,-0.335,-0.128,-0.142,-0.264,-0.076,-0.084,-0.02,-0.083,0.017,0.102,-0.019,-0.083,-0.004,-0.045,-0.082,0.011,0.06,0.063,0.036,0.069,0.141,0.08,0.236,-0.057,0.139,0.104,0.173,0.048,0.192,0.021,-0.002,0.336,0.063,0.013,-0.016,-0.031,-0.001,-0.061,0.128,0.132,0.031,-0.023,0.028,0.043,-0.016,-0.002,0.073,-0.12,0.094,-0.002,-0.056,0.07,0.045,0.093,0.067,-0.115,0.162,-0.057,0.064,-0.029,0.107,0.14,0.079,-0.136,-0.101,-0.112,-0.158,-0.135,-0.156,-0.276,-0.175,-0.168,-0.164,0.032,-0.172,-0.028,-0.161,-0.002,0.053,-0.052,0.006,-0.026,-0.048,-0.047,0.302,-0.041,-0.05,0.071,0.005,-0.009,-0.149,-0.01,-0.005,-0.3,-0.195,-0.302,-0.167,0.076,-0.13,0.097,-0.148,0.003,-0.139,-0.086,-0.079,-0.07,-0.006,-0.08,-0.098,-0.059,0.026,-0.206,-0.124,0.136,0.058,0.052,-0.191,0.035,-0.024,-0.043,-0.198,-0.017,0.004,-0.1,-0.127,-0.218,-0.131,-0.235,-0.25,-0.203,-0.231,-0.07,-0.201,-0.212,-0.213,-0.25,-0.201,-0.229,-0.275,-0.228,-0.195,-0.192,-0.307,-0.252,-0.215,-0.311,-0.116,-0.195,-0.159,-0.17,-0.188,-0.27,-0.087,-0.021,-0.069,-0.063,0.082,-0.039,0.028,0.052,-0.127,0.031,-0.057,-0.075,0.044,-0.103,0.004,-0.022,-0.063,0.036,-0.042,0.071,-0.065,0.004,0.126,0.016,0.18,0.118,0.277,0.142,0.094,0.222,0.094,-0.017,0.126,-0.049,-0.07,0.048,0.104,0.024,0.04,0.088,0.101,0.122,0.092,-0.023,-0.125,-0.082,0.242,0.193,-0.011,-0.103,0.137,0.07,0.153,0.129,0.071,0.176,0.051,0.294,0.238,-0.056,0.143,0.096,0.039,0.152,-0.007,0.118,0.17,0.235,0.18,0.001,-0.078,-0.028,-0.065,0.129,0.063,-0.048,-0.158,-0.178,-0.044,-0.141,0.097,0.126,0.18,-0.182,-0.041,0.012,-0.01,-0.036,0.203,-0.022,0.123,-0.038,0.139,-0.261,-0.246,-0.186,0.015,-0.034,-0.091
ctx-lh-7Networks_LH_SomMot_14,,,,,,,,,,,,,,,,,,,,,,,,,,,,,,,,,,,,,,,-0.14,-0.147,-0.13,-0.217,-0.158,-0.155,-0.077,-0.124,-0.143,-0.122,-0.212,-0.277,-0.154,-0.189,-0.238,0.032,0.041,0.015,-0.111,0.07,-0.029,0.019,0.023,0.082,-0.032,0.07,-0.061,0.083,0.072,0.132,-0.039,-0.099,-0.119,0.125,-0.07,-0.015,0.03,0.149,-0.1,0.022,-0.142,-0.001,0.176,-0.004,-0.103,-0.127,-0.088,-0.033,-0.118,0.085,0.134,0.045,-0.015,-0.073,-0.073,-0.097,-0.11,0.104,0.003,0.07,0.074,-0.009,0.056,0.093,0.135,0.173,0.021,0.151,-0.002,-0.012,-0.033,0.04,0.009,0.047,-0.145,-0.051,-0.191,-0.126,-0.09,-0.057,-0.088,-0.084,-0.173,-0.037,0.004,-0.073,-0.119,-0.163,0.01,0.128,-0.089,-0.061,0.014,0.045,0.009,0.156,-0.087,-0.063,0.003,0.082,0.059,-0.029,0.009,0.052,-0.239,-0.124,-0.181,-0.083,0.048,-0.056,0.026,-0.0,-0.028,-0.181,-0.046,0.014,-0.106,-0.104,-0.081,-0.087,0.093,0.053,-0.171,-0.06,0.265,0.09,0.166,-0.117,0.127,0.041,-0.007,-0.241,-0.002,-0.006,-0.154,-0.216,-0.14,-0.204,-0.303,-0.254,-0.144,-0.263,-0.216,-0.264,-0.204,-0.165,-0.239,-0.244,-0.239,-0.129,-0.252,-0.147,-0.147,-0.105,-0.159,-0.13,-0.268,-0.184,-0.169,-0.259,-0.088,-0.109,-0.159,-0.02,-0.002,0.021,-0.005,0.129,-0.096,0.037,0.089,0.011,0.046,0.116,0.152,-0.027,-0.047,0.046,-0.004,-0.086,-0.007,-0.058,-0.031,-0.104,-0.08,0.076,0.013,0.019,-0.001,0.123,-0.061,0.001,0.071,-0.065,-0.101,-0.027,-0.146,-0.113,0.063,-0.061,-0.037,0.013,0.043,0.038,0.024,0.006,-0.02,-0.027,-0.169,0.22,0.249,0.1,-0.026,0.081,0.09,0.165,0.166,0.11,0.162,0.013,0.27,0.161,-0.031,0.2,0.086,0.043,0.072,-0.018,0.094,0.05,0.198,0.12,0.047,-0.115,-0.029,0.024,0.065,-0.117,-0.058,-0.091,-0.092,0.025,-0.112,-0.057,0.033,0.075,-0.135,0.005,-0.034,-0.009,-0.087,0.014,-0.05,0.012,-0.006,0.11,-0.254,-0.194,-0.162,0.016,-0.083,-0.042
ctx-lh-7Networks_LH_SomMot_15,,,,,,,,,,,,,,,,,,,,,,,,,,,,,,,,,,,,,,,,-0.034,-0.13,-0.13,-0.086,-0.067,0.032,-0.11,-0.105,-0.022,-0.189,-0.168,-0.066,-0.14,-0.161,-0.025,-0.073,0.035,0.019,-0.014,-0.007,0.014,0.013,0.042,0.028,0.024,0.037,0.084,0.134,0.063,-0.069,0.093,0.07,0.152,0.05,0.088,0.004,0.071,0.026,0.057,-0.057,-0.024,0.257,0.103,-0.053,0.083,-0.012,-0.132,0.013,0.045,0.07,0.011,-0.006,-0.026,-0.032,-0.033,-0.021,0.004,-0.102,-0.025,0.007,-0.096,0.012,0.02,0.053,0.089,-0.008,0.004,-0.046,0.07,-0.051,0.037,0.19,0.038,-0.133,-0.132,-0.037,-0.057,-0.089,-0.156,-0.046,-0.023,-0.019,-0.005,0.086,-0.056,-0.048,-0.062,-0.075,-0.036,0.052,-0.1,0.039,0.011,0.006,0.23,-0.039,-0.075,0.055,-0.036,-0.043,-0.084,0.004,0.11,-0.144,-0.164,-0.109,-0.09,0.045,-0.068,0.056,-0.023,-0.085,-0.16,-0.049,-0.058,-0.056,-0.049,-0.038,-0.002,-0.035,0.038,-0.09,-0.046,0.086,0.022,0.077,-0.096,0.057,0.035,0.041,-0.108,-0.008,0.025,-0.048,-0.128,-0.039,-0.005,-0.094,-0.214,-0.027,-0.164,0.001,-0.019,-0.036,-0.037,-0.06,-0.172,-0.103,0.057,-0.206,-0.125,-0.045,-0.046,-0.004,-0.041,-0.195,-0.144,-0.128,-0.112,-0.034,-0.067,-0.105,0.021,0.009,0.02,-0.083,-0.019,0.017,0.017,-0.034,0.052,0.011,0.037,0.024,0.05,0.005,0.037,-0.027,0.027,-0.006,0.015,0.056,0.01,0.026,0.114,-0.051,0.02,0.112,-0.006,0.037,0.014,-0.001,0.03,-0.025,0.032,-0.055,-0.062,0.033,0.007,-0.082,0.075,0.006,0.022,0.034,-0.016,-0.017,-0.07,-0.077,0.134,0.073,-0.076,-0.137,-0.048,0.045,0.126,0.043,-0.026,0.032,0.004,0.211,0.144,-0.035,0.012,-0.008,-0.081,0.1,0.011,0.088,0.041,0.164,0.091,0.056,-0.071,-0.029,-0.093,-0.022,0.034,-0.035,-0.061,-0.099,-0.012,-0.023,-0.054,-0.049,-0.03,-0.038,0.007,0.061,-0.092,-0.038,0.109,-0.059,-0.083,-0.013,0.051,-0.159,-0.097,-0.11,-0.012,-0.055,0.091
ctx-lh-7Networks_LH_SomMot_16,,,,,,,,,,,,,,,,,,,,,,,,,,,,,,,,,,,,,,,,,-0.408,-0.273,-0.303,-0.106,-0.293,-0.243,-0.065,-0.234,-0.166,-0.256,-0.143,-0.221,-0.033,0.067,-0.053,0.074,-0.176,-0.067,-0.136,-0.08,-0.241,0.018,-0.001,-0.112,-0.052,0.114,-0.023,0.098,-0.121,0.131,0.11,0.266,-0.056,0.221,0.021,0.276,0.119,0.178,0.061,0.002,0.218,0.184,-0.035,-0.04,-0.019,0.01,0.03,0.018,0.234,0.117,0.137,0.092,0.067,-0.009,0.087,0.132,-0.136,-0.066,0.017,-0.008,0.068,-0.08,-0.012,0.089,-0.058,0.164,-0.031,0.076,-0.138,0.134,0.009,0.025,-0.119,-0.012,-0.131,-0.183,-0.139,-0.077,-0.163,-0.178,-0.187,-0.135,0.055,-0.201,-0.018,-0.149,0.018,-0.024,-0.148,-0.009,0.032,-0.05,-0.172,0.312,-0.121,-0.218,0.037,-0.076,-0.041,-0.174,-0.053,-0.021,-0.339,-0.227,-0.227,-0.244,0.047,-0.207,0.002,-0.213,-0.03,-0.08,-0.105,-0.092,0.004,-0.034,-0.19,-0.183,0.09,0.152,-0.182,-0.235,0.193,-0.021,0.054,-0.218,-0.077,-0.123,-0.21,-0.388,-0.279,-0.119,-0.347,-0.144,-0.364,-0.06,-0.144,-0.257,-0.187,-0.194,-0.012,-0.164,-0.295,-0.261,-0.202,-0.361,-0.048,-0.234,-0.221,-0.371,-0.409,-0.229,-0.208,-0.183,-0.285,-0.183,-0.106,0.003,-0.208,-0.194,-0.193,0.019,0.02,-0.018,-0.185,-0.059,-0.302,-0.149,-0.019,-0.255,0.007,-0.005,-0.145,-0.0,-0.191,-0.103,-0.03,-0.221,-0.041,-0.075,0.037,0.02,0.001,0.179,0.019,0.184,0.194,0.229,0.128,0.165,0.152,0.17,-0.03,0.048,-0.054,-0.008,0.059,-0.003,0.027,0.004,-0.043,0.169,0.122,0.123,0.121,0.062,-0.03,0.236,0.129,-0.106,-0.076,-0.05,0.024,0.069,0.035,-0.05,0.162,-0.013,0.266,0.159,-0.03,0.082,0.01,-0.094,0.147,-0.048,0.157,0.132,0.305,0.144,0.026,-0.174,-0.136,-0.203,-0.057,0.01,-0.084,-0.245,-0.15,-0.16,-0.233,-0.039,0.051,0.141,-0.114,-0.097,0.01,-0.099,-0.131,0.207,-0.118,-0.012,-0.111,0.087,-0.275,-0.207,-0.251,-0.095,-0.135,-0.082
ctx-lh-7Networks_LH_SomMot_17,,,,,,,,,,,,,,,,,,,,,,,,,,,,,,,,,,,,,,,,,,-0.22,-0.276,-0.046,-0.082,-0.154,-0.157,-0.049,-0.318,-0.298,-0.114,-0.068,-0.168,-0.067,-0.097,-0.091,-0.091,-0.069,-0.002,0.03,-0.085,0.007,-0.07,-0.154,0.03,0.014,0.057,0.102,-0.02,0.099,0.089,0.269,0.001,0.214,0.066,0.24,0.135,0.247,0.054,-0.05,0.318,0.209,0.096,-0.034,0.029,-0.032,-0.043,0.094,0.057,-0.016,-0.076,-0.059,0.01,-0.036,-0.039,0.08,-0.076,0.101,0.065,-0.105,0.113,-0.027,0.027,0.059,-0.081,0.101,-0.0,0.019,-0.041,0.218,0.069,0.069,-0.187,-0.094,-0.083,-0.169,-0.101,-0.115,-0.226,-0.137,-0.164,-0.155,0.062,-0.164,-0.053,-0.183,0.024,0.021,-0.164,0.03,0.038,0.011,-0.07,0.33,-0.054,-0.078,0.037,-0.008,0.011,-0.114,-0.057,0.007,-0.323,-0.253,-0.28,-0.154,0.043,-0.147,0.155,-0.116,-0.045,-0.152,-0.075,-0.049,-0.085,-0.175,-0.096,-0.147,0.079,-0.052,-0.257,-0.223,0.195,0.009,0.099,-0.206,-0.003,-0.091,-0.033,-0.23,-0.133,-0.074,-0.225,-0.115,-0.192,-0.073,-0.214,-0.246,-0.089,-0.18,-0.055,-0.11,-0.304,-0.206,-0.267,-0.287,-0.214,-0.242,-0.163,-0.212,-0.187,-0.313,-0.298,-0.202,-0.27,-0.033,-0.23,-0.127,-0.084,-0.196,-0.218,-0.139,-0.071,0.036,-0.092,0.067,-0.121,-0.038,0.072,-0.18,0.045,-0.043,-0.058,0.113,-0.087,0.035,0.005,-0.078,0.011,0.004,0.106,0.039,0.126,0.204,0.094,0.18,0.217,0.261,0.194,0.206,0.165,0.226,0.055,0.161,-0.006,0.032,0.109,-0.04,0.018,-0.046,0.011,0.042,0.015,0.026,-0.017,-0.041,-0.106,0.343,0.29,0.081,-0.084,0.1,0.064,0.113,0.137,0.105,0.158,0.017,0.341,0.317,-0.041,0.134,0.06,-0.027,0.165,-0.052,0.287,0.202,0.393,0.249,0.108,-0.09,-0.091,-0.088,0.146,-0.017,-0.044,-0.166,-0.044,0.019,-0.091,0.073,0.147,0.195,-0.151,-0.035,0.079,0.025,-0.017,0.226,0.004,0.098,-0.05,0.231,-0.275,-0.253,-0.19,0.035,-0.023,0.001
ctx-lh-7Networks_LH_SomMot_18,,,,,,,,,,,,,,,,,,,,,,,,,,,,,,,,,,,,,,,,,,,-0.27,-0.131,-0.216,-0.161,-0.19,-0.237,-0.272,-0.39,-0.142,-0.209,-0.248,0.102,0.014,0.059,0.007,-0.006,-0.178,0.004,-0.091,0.017,-0.061,-0.093,-0.1,0.007,-0.052,-0.012,-0.1,0.085,-0.001,0.197,-0.018,0.062,-0.071,0.06,-0.022,0.008,-0.073,-0.142,0.09,0.028,-0.094,-0.123,-0.11,-0.032,0.03,0.044,0.142,0.038,0.118,0.046,0.057,0.001,-0.025,0.063,-0.01,0.044,-0.001,0.081,0.082,0.039,0.041,-0.027,-0.117,0.036,-0.055,0.058,-0.091,0.103,-0.092,-0.005,-0.064,0.039,-0.134,-0.168,-0.059,-0.011,-0.092,-0.143,-0.07,0.005,0.084,-0.082,-0.062,-0.131,-0.042,0.081,-0.018,-0.091,-0.011,-0.034,-0.067,0.13,-0.029,-0.092,-0.043,-0.034,-0.029,-0.146,-0.057,-0.024,-0.239,-0.131,-0.184,-0.05,0.079,-0.066,0.01,0.055,0.096,-0.026,-0.018,0.087,-0.011,0.053,-0.027,-0.032,0.145,0.147,-0.098,-0.036,0.293,0.097,0.169,-0.131,0.18,0.107,0.051,-0.198,-0.005,0.066,-0.188,-0.22,-0.18,-0.134,-0.218,-0.327,-0.166,-0.209,-0.102,-0.18,-0.288,-0.217,-0.283,-0.284,-0.252,-0.221,-0.269,-0.263,-0.224,-0.26,-0.266,-0.283,-0.371,-0.153,-0.247,-0.206,-0.248,-0.239,-0.28,0.102,0.097,0.083,-0.054,0.033,-0.186,-0.021,0.042,-0.152,-0.038,0.022,-0.039,-0.12,-0.178,-0.09,-0.114,-0.216,-0.094,0.009,0.014,-0.051,0.016,0.13,0.008,0.073,0.103,-0.019,-0.02,0.033,0.01,0.004,-0.123,-0.059,-0.121,-0.05,-0.005,0.039,-0.008,0.008,0.047,0.164,0.109,-0.005,0.039,0.111,-0.041,0.304,0.239,0.064,0.073,-0.029,0.071,0.114,0.099,0.014,0.062,-0.055,0.187,0.135,-0.126,0.025,0.032,-0.152,0.147,-0.046,0.125,0.095,0.108,0.027,0.114,-0.008,0.041,-0.015,0.051,0.046,-0.044,-0.182,-0.101,0.06,-0.154,0.015,-0.023,-0.048,-0.082,0.005,-0.035,0.022,-0.019,0.148,-0.072,0.057,-0.071,0.01,-0.176,-0.157,-0.101,-0.021,0.031,-0.064
ctx-lh-7Networks_LH_SomMot_19,,,,,,,,,,,,,,,,,,,,,,,,,,,,,,,,,,,,,,,,,,,,-0.162,-0.181,-0.096,-0.134,-0.167,-0.186,-0.193,-0.084,-0.144,-0.125,0.077,0.043,0.083,-0.035,-0.087,-0.126,-0.085,-0.224,-0.049,-0.026,-0.107,-0.111,-0.008,-0.058,-0.01,-0.215,0.08,0.03,0.164,-0.011,0.14,-0.053,0.093,-0.001,0.007,-0.025,-0.182,0.113,0.112,-0.03,-0.031,-0.062,-0.11,-0.007,0.018,0.144,0.151,0.123,0.025,0.063,0.0,0.108,0.052,-0.092,-0.027,0.005,-0.002,0.038,-0.054,-0.09,-0.031,-0.189,-0.004,-0.118,0.074,-0.083,0.128,0.028,-0.07,-0.063,-0.03,-0.052,-0.169,-0.156,-0.131,-0.145,-0.19,-0.135,-0.101,0.078,-0.16,-0.121,-0.121,-0.055,0.032,-0.079,-0.168,-0.038,-0.086,-0.12,0.17,-0.136,-0.231,-0.038,-0.152,-0.128,-0.215,-0.136,-0.055,-0.249,-0.178,-0.205,-0.153,0.11,-0.211,0.018,-0.123,0.029,-0.063,-0.003,0.02,0.02,-0.013,-0.008,-0.059,0.077,0.095,-0.057,-0.121,0.113,0.005,0.071,-0.106,-0.007,-0.067,-0.059,-0.2,-0.132,-0.133,-0.164,-0.117,-0.256,-0.075,-0.168,-0.249,-0.202,-0.162,-0.046,-0.13,-0.293,-0.253,-0.187,-0.227,-0.064,-0.111,-0.233,-0.253,-0.291,-0.144,-0.156,-0.132,-0.239,-0.129,-0.156,-0.019,-0.14,-0.191,-0.172,0.065,0.014,0.037,-0.141,-0.06,-0.243,-0.18,-0.049,-0.213,-0.036,-0.036,-0.054,0.005,-0.105,-0.126,-0.087,-0.208,-0.137,-0.007,0.053,-0.013,-0.041,0.091,-0.057,0.11,0.237,0.088,0.026,0.071,0.059,0.088,-0.006,0.025,-0.068,-0.034,0.036,0.002,-0.011,0.052,-0.005,0.132,0.151,0.007,0.129,0.08,0.007,0.209,0.146,-0.061,-0.028,-0.063,0.043,0.149,0.118,-0.015,0.059,-0.024,0.2,0.181,-0.107,-0.0,0.02,-0.123,0.202,-0.034,0.165,0.034,0.217,0.07,0.033,-0.137,-0.095,-0.111,0.019,0.031,-0.043,-0.135,-0.083,-0.068,-0.141,-0.024,0.008,0.067,-0.059,-0.004,-0.006,-0.065,-0.072,0.196,-0.074,-0.07,-0.151,0.083,-0.225,-0.183,-0.182,-0.094,-0.01,-0.086
ctx-lh-7Networks_LH_SomMot_20,,,,,,,,,,,,,,,,,,,,,,,,,,,,,,,,,,,,,,,,,,,,,-0.064,-0.021,-0.114,-0.106,-0.137,-0.112,-0.079,-0.004,-0.107,-0.019,0.045,0.005,-0.058,-0.033,-0.08,-0.053,0.011,-0.023,-0.058,-0.001,-0.062,-0.003,0.007,0.001,-0.107,0.041,-0.058,0.039,-0.042,-0.049,-0.029,0.044,-0.063,-0.061,-0.07,-0.074,0.147,0.003,-0.151,-0.046,-0.082,0.008,-0.069,0.074,0.114,0.033,-0.033,0.003,0.083,0.028,-0.1,-0.068,-0.139,-0.088,-0.094,-0.074,0.091,-0.081,0.055,-0.016,-0.106,0.003,-0.129,-0.008,-0.145,-0.001,0.057,-0.004,-0.062,-0.077,-0.091,-0.08,-0.005,-0.088,0.082,0.002,-0.132,-0.143,0.02,-0.144,-0.077,-0.077,-0.085,0.069,0.004,-0.062,0.001,0.014,0.064,0.198,-0.069,-0.056,-0.074,-0.058,0.016,-0.141,0.034,0.182,-0.19,-0.13,-0.202,-0.117,0.037,-0.141,-0.014,-0.026,0.045,-0.138,0.105,0.118,0.01,0.056,0.02,0.055,0.13,0.154,-0.03,0.004,0.18,0.097,0.195,0.044,0.081,0.071,0.092,-0.076,0.067,-0.013,-0.018,-0.132,-0.024,-0.1,-0.073,-0.196,-0.054,-0.111,-0.044,-0.096,-0.033,-0.088,-0.146,-0.034,-0.131,-0.099,-0.229,-0.067,-0.08,-0.07,-0.103,-0.074,-0.176,-0.039,-0.054,-0.127,-0.069,-0.106,-0.047,0.026,0.035,-0.028,-0.081,0.004,-0.066,0.049,-0.063,0.083,0.005,-0.046,0.046,-0.054,-0.079,0.017,-0.069,-0.025,0.016,-0.071,0.05,-0.03,-0.052,0.014,0.013,0.053,0.026,0.014,-0.039,-0.012,-0.012,-0.046,-0.105,-0.072,-0.039,-0.029,0.011,-0.109,-0.028,0.049,0.019,0.085,0.103,-0.001,0.02,-0.0,-0.146,0.154,0.035,-0.092,-0.087,-0.063,0.078,0.139,0.05,-0.08,0.026,-0.111,0.174,0.093,-0.141,0.042,-0.06,-0.06,0.052,-0.068,-0.05,0.067,0.096,0.157,0.01,-0.156,-0.051,-0.079,-0.038,0.077,-0.03,-0.055,-0.014,-0.022,0.025,-0.065,-0.019,-0.073,-0.028,0.012,-0.003,-0.05,-0.077,0.233,-0.056,-0.006,-0.132,0.082,-0.168,-0.165,-0.189,-0.155,-0.039,-0.067
ctx-lh-7Networks_LH_SomMot_21,,,,,,,,,,,,,,,,,,,,,,,,,,,,,,,,,,,,,,,,,,,,,,-0.077,-0.148,-0.117,-0.164,-0.192,0.022,-0.012,-0.176,0.057,0.035,-0.081,-0.093,0.082,0.025,0.052,-0.025,0.094,0.017,-0.071,-0.024,-0.005,0.079,0.106,0.022,-0.02,0.109,0.213,-0.042,0.187,0.129,0.295,0.173,0.118,0.105,0.034,0.127,0.222,0.126,0.054,-0.086,-0.051,-0.073,-0.03,0.02,-0.032,-0.069,-0.09,-0.15,-0.021,-0.096,0.034,-0.01,0.102,0.082,-0.031,0.043,-0.197,0.016,0.01,-0.081,0.019,-0.016,0.096,0.025,0.143,-0.018,0.011,-0.26,-0.143,-0.164,-0.224,-0.166,-0.204,-0.261,-0.102,-0.162,0.008,-0.043,-0.09,-0.139,-0.188,-0.184,-0.097,-0.185,-0.026,-0.019,-0.078,-0.142,0.289,-0.158,-0.193,-0.03,-0.064,0.007,-0.06,-0.18,-0.066,-0.23,-0.153,-0.145,-0.139,0.103,-0.154,0.071,-0.05,0.072,-0.06,-0.047,0.055,0.043,-0.056,-0.029,-0.137,0.178,0.143,-0.096,-0.095,0.217,0.065,0.183,-0.073,0.016,0.072,-0.021,-0.132,-0.052,0.12,-0.162,-0.082,-0.153,0.015,-0.023,-0.128,0.021,-0.057,0.037,0.041,-0.128,-0.094,-0.165,-0.148,-0.104,-0.211,-0.127,-0.144,-0.203,-0.228,-0.28,-0.156,-0.23,-0.007,-0.15,-0.165,-0.146,-0.064,-0.162,0.028,-0.021,0.061,0.007,0.146,0.042,0.089,0.166,-0.094,0.114,0.016,0.019,0.08,-0.045,0.08,0.057,-0.145,0.12,-0.01,0.058,0.127,0.179,0.219,0.164,0.19,0.27,0.273,0.181,0.279,0.195,0.24,0.051,0.198,0.029,0.097,0.092,-0.051,-0.079,-0.037,-0.087,0.034,0.011,0.076,-0.127,-0.001,-0.154,0.302,0.226,0.071,-0.082,0.035,0.048,-0.005,-0.06,-0.065,0.118,0.022,0.249,0.152,-0.01,0.093,0.015,-0.063,0.232,0.013,0.215,0.135,0.308,0.188,0.044,-0.155,0.085,-0.072,-0.027,-0.114,-0.184,-0.14,-0.135,-0.171,-0.149,-0.056,-0.05,0.029,-0.166,-0.086,-0.049,-0.072,-0.189,0.099,-0.187,-0.051,-0.108,0.011,-0.149,-0.086,-0.171,-0.016,-0.072,0.036
ctx-lh-7Networks_LH_SomMot_22,,,,,,,,,,,,,,,,,,,,,,,,,,,,,,,,,,,,,,,,,,,,,,,-0.092,-0.028,-0.169,-0.202,-0.072,-0.125,-0.103,0.061,-0.051,-0.141,-0.113,-0.021,-0.034,0.008,-0.001,0.068,-0.083,-0.093,-0.011,-0.058,0.021,0.045,-0.105,0.081,0.087,0.146,-0.032,0.138,0.065,0.173,0.102,0.146,0.016,-0.04,0.121,0.128,-0.012,-0.129,0.023,0.032,-0.056,0.031,0.065,-0.014,-0.061,0.015,0.007,-0.045,0.017,0.07,-0.088,0.034,0.02,-0.102,0.071,-0.024,0.001,-0.008,-0.108,-0.074,-0.019,0.034,-0.037,0.131,0.015,0.01,-0.181,-0.172,-0.047,-0.08,-0.049,-0.058,-0.162,-0.092,-0.072,-0.133,0.1,-0.122,0.069,-0.103,0.075,0.013,-0.062,0.03,0.018,0.001,-0.015,0.254,-0.055,-0.086,0.058,-0.009,0.019,-0.101,-0.039,-0.039,-0.185,-0.159,-0.163,-0.051,0.106,-0.117,0.094,0.006,0.07,-0.159,-0.027,-0.055,-0.061,-0.144,-0.027,-0.072,0.177,0.012,-0.075,-0.198,0.271,0.043,0.171,-0.077,0.007,-0.027,-0.017,-0.174,-0.098,-0.088,-0.18,-0.071,-0.123,-0.031,-0.084,-0.192,-0.024,-0.127,-0.076,-0.082,-0.27,-0.156,-0.264,-0.239,-0.244,-0.156,-0.122,-0.167,-0.089,-0.201,-0.192,-0.136,-0.239,-0.086,-0.129,-0.059,-0.081,-0.092,-0.16,-0.054,-0.006,0.067,-0.089,0.046,-0.055,-0.025,0.126,-0.13,0.053,0.009,-0.002,0.006,-0.07,0.038,-0.026,-0.063,-0.034,0.026,0.066,0.093,0.072,0.135,-0.035,0.175,0.188,0.19,0.114,0.165,0.168,0.162,-0.009,-0.022,-0.048,-0.007,0.07,0.044,0.079,-0.012,0.019,0.045,0.077,-0.05,0.049,-0.048,-0.014,0.209,0.138,0.083,-0.106,0.074,0.103,0.063,0.106,0.058,0.105,0.049,0.232,0.233,0.005,-0.037,0.037,-0.025,0.161,-0.014,0.169,0.107,0.264,0.176,0.14,-0.037,-0.051,-0.085,0.055,0.043,-0.027,-0.047,-0.034,0.106,-0.05,0.1,0.179,0.116,-0.061,-0.067,0.066,-0.007,0.008,0.149,-0.076,0.119,-0.041,0.1,-0.114,-0.13,-0.075,-0.044,0.088,-0.039
ctx-lh-7Networks_LH_SomMot_23,,,,,,,,,,,,,,,,,,,,,,,,,,,,,,,,,,,,,,,,,,,,,,,,-0.148,-0.253,-0.253,-0.218,-0.154,-0.123,0.04,-0.032,0.07,-0.13,0.002,-0.081,-0.146,-0.053,0.022,-0.035,-0.133,-0.193,0.099,-0.037,0.063,-0.105,0.111,0.05,0.171,-0.088,0.132,0.048,0.161,0.069,0.127,0.012,-0.028,0.153,0.118,-0.045,-0.062,-0.12,-0.09,-0.088,-0.041,0.103,0.036,0.001,-0.003,-0.035,-0.055,-0.016,0.116,-0.078,0.002,0.04,0.042,0.022,-0.034,-0.004,0.042,-0.084,0.039,-0.029,0.017,-0.079,0.093,0.028,-0.033,-0.066,-0.004,-0.1,-0.159,-0.171,-0.103,-0.178,-0.231,-0.044,0.08,0.025,-0.023,-0.097,-0.009,-0.07,0.075,-0.004,0.023,0.098,-0.047,-0.071,0.265,-0.066,-0.141,0.02,-0.091,-0.061,-0.125,-0.055,0.039,-0.111,-0.027,-0.091,-0.063,0.078,-0.035,0.028,-0.061,-0.021,-0.053,-0.106,-0.106,0.047,-0.066,-0.167,-0.193,0.084,0.176,-0.138,-0.165,0.208,0.006,0.108,-0.18,-0.008,0.003,-0.095,-0.272,-0.132,-0.04,-0.192,-0.17,-0.257,-0.057,-0.125,-0.288,-0.145,-0.152,-0.029,-0.111,-0.196,-0.135,-0.173,-0.237,-0.116,-0.063,-0.29,-0.241,-0.256,-0.147,-0.099,-0.22,-0.376,-0.174,-0.201,-0.092,-0.177,-0.226,-0.161,-0.017,0.053,0.052,-0.061,0.03,-0.085,-0.076,0.068,-0.056,-0.055,-0.017,-0.059,-0.039,-0.24,-0.022,0.022,-0.119,0.063,-0.038,0.018,-0.085,-0.029,0.154,-0.014,0.055,0.104,0.133,0.048,0.11,0.104,0.076,-0.08,0.017,-0.136,-0.017,-0.017,-0.159,-0.087,0.005,-0.074,-0.017,-0.002,0.001,-0.019,0.005,-0.12,0.223,0.161,-0.032,-0.081,0.003,0.045,0.145,0.062,-0.021,0.146,0.003,0.164,0.139,0.048,0.127,0.022,-0.048,0.179,0.055,0.17,0.139,0.27,0.126,-0.031,-0.013,0.096,0.022,0.031,-0.038,-0.07,-0.109,-0.135,-0.126,-0.183,-0.1,-0.032,0.037,0.092,0.068,0.171,-0.022,0.036,0.208,-0.035,-0.019,-0.008,0.031,-0.039,-0.043,-0.042,-0.013,0.014,0.044
ctx-lh-7Networks_LH_SomMot_24,,,,,,,,,,,,,,,,,,,,,,,,,,,,,,,,,,,,,,,,,,,,,,,,,-0.159,-0.181,-0.022,0.014,-0.177,0.069,0.031,-0.087,-0.08,-0.062,-0.141,-0.081,-0.132,-0.083,-0.115,-0.189,-0.08,-0.1,-0.048,-0.049,-0.111,-0.014,0.042,0.071,-0.016,0.121,0.068,0.172,0.082,0.045,0.072,-0.13,0.119,0.115,0.007,-0.032,-0.042,-0.033,-0.029,0.016,0.071,0.002,0.013,-0.045,-0.005,-0.024,0.006,0.032,-0.046,-0.006,-0.054,-0.01,0.114,-0.041,-0.013,-0.037,-0.118,-0.011,-0.027,0.15,-0.06,0.239,0.043,-0.012,-0.147,-0.123,-0.053,-0.171,-0.116,-0.131,-0.124,-0.037,-0.119,-0.052,0.005,-0.122,-0.083,-0.076,-0.069,0.056,-0.066,-0.012,0.008,-0.113,-0.078,0.277,-0.047,-0.152,-0.057,0.009,-0.018,-0.166,-0.099,-0.058,-0.146,-0.077,-0.078,-0.067,0.234,-0.086,0.043,-0.017,-0.014,-0.051,-0.027,0.083,0.029,-0.021,0.025,-0.028,0.135,0.137,-0.041,-0.116,0.254,0.143,0.229,-0.0,0.06,0.006,-0.006,-0.141,-0.069,-0.035,-0.225,-0.089,-0.143,0.022,-0.117,-0.195,-0.076,-0.054,0.076,0.016,-0.192,-0.191,-0.19,-0.12,-0.177,-0.22,-0.211,-0.144,-0.21,-0.218,-0.315,-0.117,-0.221,0.016,-0.125,-0.159,-0.128,-0.051,-0.178,0.01,-0.073,0.035,-0.038,-0.061,-0.169,-0.015,0.008,-0.196,-0.064,-0.13,-0.139,-0.013,-0.112,-0.094,-0.094,-0.238,-0.064,-0.01,0.027,0.096,0.045,0.116,0.04,0.201,0.27,0.183,0.109,0.163,0.079,0.12,-0.079,0.066,-0.06,-0.023,0.019,0.003,-0.008,0.141,0.033,0.066,0.102,-0.02,0.048,-0.006,0.034,0.235,0.164,0.023,-0.063,0.111,0.108,0.126,0.109,0.033,0.078,-0.012,0.215,0.145,-0.099,0.019,0.01,-0.12,0.305,0.032,0.265,0.119,0.275,0.161,0.037,-0.09,0.018,-0.024,0.004,-0.025,-0.041,-0.117,-0.099,-0.05,-0.104,0.027,0.041,0.036,-0.008,-0.009,0.002,-0.027,-0.104,0.169,-0.115,-0.01,-0.123,0.017,-0.096,-0.095,-0.085,-0.043,0.019,-0.071
ctx-lh-7Networks_LH_SomMot_25,,,,,,,,,,,,,,,,,,,,,,,,,,,,,,,,,,,,,,,,,,,,,,,,,,-0.314,-0.13,-0.177,-0.274,0.061,0.083,0.11,-0.084,0.053,-0.066,-0.018,-0.076,0.077,0.033,-0.007,0.011,-0.021,-0.091,0.009,-0.11,0.014,-0.058,0.098,-0.076,-0.061,-0.11,-0.007,-0.117,0.018,-0.138,-0.059,0.097,-0.006,-0.132,-0.1,-0.107,-0.098,-0.05,0.03,0.01,0.071,0.081,-0.015,-0.034,0.016,0.002,0.071,0.011,0.033,0.015,0.084,0.037,0.037,0.079,0.032,-0.102,0.107,-0.086,0.095,0.059,0.078,-0.064,-0.066,-0.05,0.033,-0.173,-0.213,-0.118,0.03,-0.209,-0.221,-0.003,0.037,0.044,-0.017,-0.083,-0.141,-0.024,0.106,-0.105,-0.129,-0.133,-0.11,-0.077,0.077,-0.119,-0.155,-0.012,0.037,-0.065,-0.064,-0.075,-0.071,-0.189,-0.135,-0.108,-0.059,0.097,-0.025,-0.049,-0.008,0.1,0.006,-0.049,0.077,0.036,0.095,-0.084,-0.137,0.181,0.23,-0.124,-0.083,0.188,0.058,0.038,-0.185,0.092,-0.004,-0.056,-0.309,-0.063,-0.029,-0.177,-0.197,-0.221,-0.248,-0.272,-0.217,-0.184,-0.298,-0.083,-0.19,-0.277,-0.156,-0.328,-0.255,-0.2,-0.109,-0.23,-0.32,-0.191,-0.167,-0.095,-0.207,-0.359,-0.216,-0.246,-0.252,-0.203,-0.264,-0.274,0.111,0.117,0.049,0.069,0.034,-0.105,-0.015,0.049,-0.072,0.049,0.003,0.021,-0.019,-0.104,-0.081,-0.067,-0.19,-0.044,-0.081,-0.147,-0.098,-0.014,0.142,-0.052,0.031,0.02,0.053,-0.056,0.0,0.021,-0.04,-0.141,-0.051,-0.162,-0.144,-0.096,-0.073,-0.072,0.044,0.014,0.069,0.124,0.065,0.021,0.103,0.003,0.212,0.171,0.1,0.091,-0.026,0.059,0.104,0.152,0.143,0.18,0.047,0.207,0.146,0.031,0.179,0.014,0.003,0.163,0.073,0.211,0.092,0.104,0.013,-0.022,-0.03,0.054,0.135,0.076,0.121,0.063,-0.071,-0.193,-0.036,-0.131,-0.021,0.037,-0.03,-0.097,-0.035,-0.064,0.014,-0.106,0.048,-0.056,-0.053,0.034,-0.046,-0.137,-0.121,-0.084,0.041,0.068,-0.069
ctx-lh-7Networks_LH_SomMot_26,,,,,,,,,,,,,,,,,,,,,,,,,,,,,,,,,,,,,,,,,,,,,,,,,,,-0.233,-0.195,-0.218,-0.027,-0.003,-0.055,-0.152,-0.038,-0.034,0.011,-0.133,0.115,-0.087,-0.036,-0.074,-0.037,-0.153,-0.013,-0.167,0.047,-0.093,0.192,-0.054,0.023,-0.1,0.012,-0.115,0.036,-0.168,-0.134,0.093,-0.008,-0.126,-0.198,-0.084,0.011,-0.01,0.03,0.154,0.161,0.028,-0.001,0.036,-0.007,-0.027,0.175,-0.018,0.117,0.056,0.06,0.126,0.041,0.046,0.036,-0.108,0.088,-0.08,0.062,-0.043,0.202,0.047,-0.036,-0.069,0.019,-0.245,-0.241,-0.018,0.077,-0.191,-0.179,-0.042,-0.106,0.128,0.005,-0.078,-0.143,0.069,0.062,-0.064,-0.077,-0.026,-0.0,0.0,0.17,-0.071,-0.081,-0.063,0.058,-0.008,-0.11,-0.014,-0.037,-0.247,-0.113,-0.188,0.021,0.162,0.045,0.086,0.059,0.055,-0.179,-0.111,0.041,-0.058,0.006,-0.104,-0.174,0.155,0.197,-0.203,-0.149,0.2,0.0,0.078,-0.204,0.064,-0.073,-0.035,-0.287,-0.086,-0.124,-0.267,-0.24,-0.168,-0.254,-0.312,-0.311,-0.183,-0.336,-0.104,-0.261,-0.38,-0.309,-0.424,-0.317,-0.214,-0.277,-0.348,-0.281,-0.186,-0.265,-0.266,-0.256,-0.368,-0.146,-0.28,-0.211,-0.189,-0.267,-0.321,-0.01,0.026,-0.011,-0.029,0.063,-0.134,-0.1,0.055,-0.219,-0.081,-0.083,-0.09,-0.112,-0.243,-0.114,-0.137,-0.208,-0.104,0.008,-0.056,-0.15,-0.05,0.126,-0.029,0.12,0.029,0.126,-0.013,-0.019,0.073,-0.042,-0.146,-0.056,-0.202,-0.06,0.0,-0.007,0.014,-0.03,0.038,0.234,0.165,0.11,0.167,0.083,-0.071,0.336,0.28,0.122,0.113,0.034,0.168,0.164,0.223,0.171,0.139,-0.022,0.226,0.176,-0.039,0.129,0.07,-0.016,0.202,-0.064,0.306,0.163,0.187,0.063,0.087,0.017,-0.04,0.103,0.135,0.112,0.073,-0.097,-0.093,0.101,-0.155,0.111,0.154,0.072,-0.095,0.049,0.021,0.08,-0.043,0.182,0.004,0.067,-0.013,0.089,-0.218,-0.205,-0.015,0.107,0.142,-0.098
ctx-lh-7Networks_LH_SomMot_27,,,,,,,,,,,,,,,,,,,,,,,,,,,,,,,,,,,,,,,,,,,,,,,,,,,,-0.093,-0.24,0.023,0.174,0.115,0.043,0.057,0.013,-0.06,0.021,0.062,0.045,-0.015,0.04,-0.119,0.007,-0.03,0.021,0.001,0.024,0.097,-0.034,0.075,0.007,0.16,0.09,0.06,0.005,0.014,0.085,0.017,-0.006,-0.053,-0.129,0.019,-0.031,-0.003,0.06,0.063,0.034,-0.045,-0.047,-0.121,-0.039,0.045,-0.077,-0.1,0.073,0.079,0.109,-0.014,-0.011,0.056,-0.07,0.049,-0.015,-0.031,-0.061,-0.013,-0.022,-0.138,-0.161,-0.016,-0.129,-0.187,-0.029,-0.078,-0.148,-0.083,-0.054,-0.027,-0.065,-0.081,-0.051,-0.12,-0.06,0.041,-0.131,-0.061,-0.093,-0.104,-0.134,0.122,-0.061,-0.175,-0.109,-0.072,-0.052,-0.157,-0.11,-0.106,-0.299,-0.209,-0.182,-0.164,-0.023,-0.205,-0.01,-0.163,0.084,-0.102,0.029,0.086,0.07,0.029,-0.1,-0.114,0.147,0.153,-0.111,-0.042,0.14,0.092,0.092,-0.153,0.045,0.098,-0.034,-0.26,-0.01,0.054,-0.152,-0.06,-0.19,-0.072,-0.157,-0.076,-0.111,-0.072,-0.009,-0.02,-0.178,-0.013,-0.187,-0.137,-0.124,-0.099,-0.212,-0.16,-0.089,-0.117,-0.113,-0.148,-0.278,-0.127,-0.206,-0.159,-0.194,-0.116,-0.25,0.082,0.088,0.013,-0.057,0.124,0.114,0.065,0.071,0.065,-0.003,0.034,0.034,-0.016,-0.086,0.057,-0.042,-0.124,0.1,-0.045,-0.029,0.077,0.062,0.208,0.07,0.166,0.192,0.17,0.107,0.115,0.156,0.056,-0.129,0.041,-0.162,-0.059,-0.031,-0.045,-0.008,-0.008,-0.024,0.014,0.047,-0.028,-0.064,0.047,-0.028,0.16,0.106,-0.122,-0.067,0.081,0.044,0.044,-0.039,-0.079,0.144,-0.087,0.25,0.143,-0.018,0.098,-0.039,-0.077,0.091,-0.083,0.068,0.074,0.069,-0.017,-0.084,-0.085,-0.001,-0.041,-0.03,-0.036,-0.102,-0.049,-0.078,-0.083,-0.134,-0.059,-0.011,-0.005,-0.074,-0.071,-0.142,-0.066,-0.185,-0.039,-0.096,-0.152,-0.148,-0.089,-0.255,-0.192,-0.243,-0.148,-0.126,-0.068
ctx-lh-7Networks_LH_SomMot_28,,,,,,,,,,,,,,,,,,,,,,,,,,,,,,,,,,,,,,,,,,,,,,,,,,,,,-0.206,-0.012,0.016,-0.101,-0.045,0.011,0.021,0.017,0.036,0.069,-0.057,-0.013,-0.008,-0.102,-0.039,0.028,-0.025,-0.084,-0.113,0.087,-0.073,-0.007,0.03,0.108,-0.037,0.109,-0.022,-0.095,0.054,0.009,-0.088,-0.219,-0.053,0.014,-0.032,0.111,-0.005,0.007,-0.078,-0.01,-0.008,-0.051,-0.087,0.049,-0.011,0.032,0.047,-0.077,0.052,-0.007,0.063,-0.044,-0.077,-0.008,0.021,0.022,-0.022,0.016,0.005,0.077,-0.019,-0.044,-0.091,-0.102,-0.031,-0.026,-0.105,-0.098,-0.025,-0.083,0.046,-0.031,-0.034,-0.013,-0.006,0.04,0.003,-0.03,0.014,-0.007,0.004,0.068,0.015,-0.001,-0.025,0.059,-0.01,-0.025,-0.054,-0.053,-0.159,-0.115,-0.069,-0.015,0.032,-0.053,-0.015,0.004,-0.006,-0.086,0.003,0.02,-0.125,-0.103,-0.023,-0.031,0.067,-0.047,-0.108,-0.057,0.157,-0.002,0.082,-0.064,0.018,-0.011,0.094,-0.072,0.028,-0.024,-0.053,-0.183,-0.003,-0.14,-0.111,-0.189,-0.101,-0.136,-0.08,-0.092,-0.159,-0.18,-0.249,-0.125,-0.169,-0.206,-0.132,-0.006,0.034,-0.233,-0.178,-0.155,-0.179,-0.141,-0.144,-0.2,-0.092,-0.115,-0.144,-0.006,0.045,-0.014,0.03,0.116,0.024,0.048,0.134,-0.017,0.053,0.034,0.022,-0.032,-0.107,0.046,0.024,0.02,0.035,-0.067,-0.076,-0.035,0.047,0.077,0.011,0.046,-0.0,0.088,0.061,0.088,0.056,-0.028,-0.144,-0.019,-0.198,-0.004,0.021,0.018,-0.003,0.043,0.02,0.005,0.049,-0.072,-0.038,-0.068,-0.102,0.199,0.207,0.119,0.047,0.045,0.094,0.083,0.133,0.139,0.079,0.039,0.151,0.114,-0.075,0.044,0.1,-0.022,0.041,-0.084,0.057,-0.0,0.166,0.102,0.022,0.006,0.029,0.103,0.121,-0.002,0.021,-0.048,-0.021,0.022,-0.054,0.052,0.012,0.054,-0.085,0.013,0.081,0.069,0.0,-0.013,0.012,0.111,0.008,-0.0,-0.08,-0.131,-0.052,0.043,0.05,-0.075
ctx-lh-7Networks_LH_SomMot_29,,,,,,,,,,,,,,,,,,,,,,,,,,,,,,,,,,,,,,,,,,,,,,,,,,,,,,0.054,0.063,0.102,-0.157,-0.052,-0.061,-0.075,-0.09,-0.008,-0.091,-0.02,-0.216,0.071,-0.087,-0.017,-0.215,0.051,-0.044,0.127,-0.117,0.004,-0.083,0.008,-0.03,0.009,-0.106,-0.15,0.057,-0.034,-0.117,-0.131,-0.213,-0.058,-0.089,-0.061,0.086,0.044,0.081,0.042,-0.006,-0.042,-0.021,0.122,-0.101,-0.036,0.011,0.118,0.054,0.052,-0.009,0.066,-0.083,0.082,-0.08,-0.029,-0.171,0.167,0.084,-0.11,-0.084,-0.003,-0.104,-0.169,-0.094,-0.043,-0.178,-0.255,-0.051,0.045,0.092,0.014,-0.108,0.03,-0.081,0.033,0.004,-0.161,0.095,-0.097,-0.027,0.156,-0.066,-0.108,0.014,-0.049,-0.189,-0.108,-0.036,-0.073,-0.158,-0.092,-0.126,-0.069,0.055,-0.035,-0.002,-0.046,0.007,-0.118,-0.078,0.009,0.048,0.077,-0.1,-0.101,0.086,0.173,-0.08,-0.148,0.21,0.063,0.063,-0.178,0.068,-0.043,-0.049,-0.255,-0.114,-0.079,-0.185,-0.191,-0.165,-0.119,-0.194,-0.265,-0.184,-0.186,-0.096,-0.169,-0.202,-0.161,-0.173,-0.183,-0.11,-0.005,-0.326,-0.227,-0.195,-0.085,-0.053,-0.156,-0.326,-0.253,-0.189,-0.117,-0.217,-0.298,-0.161,0.056,0.004,0.029,-0.074,-0.077,-0.098,-0.1,-0.024,-0.117,-0.145,-0.012,-0.036,-0.2,-0.206,-0.1,-0.056,-0.147,-0.044,-0.058,-0.058,-0.155,-0.118,0.083,-0.055,0.102,0.036,0.028,-0.067,-0.018,-0.075,-0.032,-0.103,-0.06,-0.173,-0.136,-0.064,-0.173,-0.158,-0.039,-0.072,0.018,0.018,0.028,0.004,-0.06,-0.142,0.228,0.17,-0.024,0.037,-0.086,0.013,0.088,0.114,0.003,0.059,-0.017,0.139,0.127,0.028,0.008,0.029,0.001,0.116,-0.012,0.228,0.069,0.12,-0.035,0.047,0.013,-0.062,0.082,0.098,0.024,-0.004,-0.112,-0.109,0.074,-0.157,-0.114,-0.043,-0.046,0.035,0.032,0.19,0.028,0.006,0.185,-0.023,-0.008,0.04,0.015,-0.107,-0.115,-0.029,0.036,0.077,-0.028
ctx-lh-7Networks_LH_DorsAttn_Post_1,,,,,,,,,,,,,,,,,,,,,,,,,,,,,,,,,,,,,,,,,,,,,,,,,,,,,,,-0.084,-0.037,-0.102,0.018,0.055,0.065,0.047,0.109,0.102,0.102,0.049,0.016,-0.007,0.052,0.019,-0.164,0.047,0.013,-0.133,0.057,-0.019,0.071,-0.021,-0.119,-0.088,0.001,-0.016,-0.015,0.133,0.004,0.027,0.068,0.028,-0.039,0.092,-0.01,-0.088,0.08,-0.008,0.134,0.115,0.016,0.029,0.111,0.035,0.002,0.066,-0.148,-0.012,-0.046,-0.086,-0.049,-0.014,0.144,0.021,0.112,-0.061,-0.046,-0.021,0.018,-0.155,-0.333,-0.23,-0.114,-0.262,-0.231,-0.082,0.08,-0.15,-0.04,0.012,0.032,-0.152,-0.063,-0.091,-0.063,0.023,-0.108,0.034,0.09,-0.076,0.035,0.013,0.006,0.003,0.098,0.041,-0.02,-0.003,0.055,0.037,0.02,0.125,0.079,0.031,0.043,-0.001,0.109,-0.022,-0.129,-0.02,-0.067,-0.003,-0.042,-0.034,-0.057,-0.079,-0.152,-0.022,-0.21,0.04,-0.057,-0.215,-0.147,-0.154,-0.054,-0.1,-0.049,-0.105,-0.02,-0.271,-0.039,-0.03,-0.099,-0.22,0.013,-0.039,-0.106,-0.18,-0.039,-0.099,0.001,0.046,0.026,0.088,0.007,0.009,0.043,0.065,0.036,0.027,-0.027,0.019,0.021,0.023,-0.029,0.173,-0.134,-0.002,-0.058,-0.009,0.075,0.085,0.054,0.106,0.036,0.068,0.012,0.031,-0.023,0.007,0.095,0.039,-0.01,-0.008,-0.147,-0.101,0.004,0.083,0.127,0.04,0.071,0.087,-0.016,-0.012,-0.054,-0.081,-0.054,0.085,0.103,0.007,0.051,0.053,0.126,0.076,-0.002,0.015,0.041,0.024,0.14,0.03,-0.014,0.033,0.02,0.071,0.013,-0.006,0.036,-0.123,-0.137,-0.127,-0.099,0.011,-0.094,-0.064,0.026,-0.152,-0.0,0.019,0.092,0.145,0.03,0.138,0.045,0.059,-0.052,-0.113,-0.114,-0.009,-0.032,-0.043,0.022,0.031,-0.246,-0.203,-0.159,-0.258,-0.053,-0.108,-0.145,-0.017,-0.078,0.022,0.03,0.014,0.003,0.004,-0.002,-0.007,0.047,0.009,0.041,0.021,0.096,0.006,-0.001
ctx-lh-7Networks_LH_DorsAttn_Post_2,,,,,,,,,,,,,,,,,,,,,,,,,,,,,,,,,,,,,,,,,,,,,,,,,,,,,,,,0.049,-0.106,0.009,0.059,0.039,0.075,0.077,0.106,0.065,0.144,0.123,0.027,0.163,-0.021,-0.109,0.102,0.105,-0.02,0.116,0.052,0.095,-0.0,0.091,-0.013,0.063,0.108,0.094,0.135,0.03,0.058,-0.01,0.017,-0.001,0.089,0.08,0.005,0.038,-0.031,0.079,0.042,0.034,0.115,0.201,0.106,0.094,-0.054,0.003,0.094,0.104,-0.0,0.075,-0.008,0.113,0.103,0.109,0.006,0.08,-0.033,0.108,-0.128,-0.203,-0.232,-0.053,-0.169,-0.147,-0.122,0.041,-0.182,0.005,-0.017,-0.056,-0.097,-0.018,-0.145,-0.104,-0.054,-0.141,-0.013,0.11,-0.058,-0.021,0.004,-0.031,-0.023,0.081,0.024,0.021,-0.04,-0.063,-0.0,-0.072,0.068,0.021,0.007,0.047,-0.081,-0.011,-0.113,-0.136,0.039,-0.146,-0.042,-0.085,0.152,0.018,-0.06,-0.174,0.013,-0.214,0.045,-0.046,-0.277,-0.293,-0.225,-0.123,-0.235,-0.197,-0.257,0.103,-0.205,-0.002,-0.09,0.03,-0.081,0.033,0.002,-0.031,-0.188,-0.048,-0.112,-0.075,0.002,-0.103,-0.017,-0.051,-0.066,-0.055,0.012,-0.036,0.009,-0.025,-0.099,-0.012,0.095,-0.012,0.074,-0.191,0.038,-0.04,0.059,0.034,-0.048,-0.008,0.028,-0.104,0.08,-0.074,-0.036,0.104,0.091,0.043,0.097,0.026,-0.009,-0.023,-0.062,0.044,0.027,0.105,-0.032,0.059,0.111,-0.022,0.032,0.05,-0.02,0.061,0.034,0.09,0.049,0.058,0.094,0.066,-0.069,0.012,0.015,-0.0,-0.095,0.15,0.13,0.013,0.038,0.029,0.181,0.088,0.173,0.032,-0.041,-0.042,-0.065,0.092,0.045,-0.043,0.084,0.057,-0.121,0.159,0.03,0.22,0.142,0.092,0.103,0.025,0.094,0.074,-0.062,-0.083,-0.023,0.098,0.058,-0.055,0.037,-0.205,-0.164,-0.055,-0.15,-0.062,-0.124,-0.148,-0.001,-0.045,0.055,0.097,0.028,-0.012,0.065,0.15,0.084,0.021,0.011,-0.016,-0.057,0.084,0.017,0.055
ctx-lh-7Networks_LH_DorsAttn_Post_3,,,,,,,,,,,,,,,,,,,,,,,,,,,,,,,,,,,,,,,,,,,,,,,,,,,,,,,,,-0.096,0.055,-0.058,0.036,0.052,0.049,0.017,0.068,-0.008,0.004,-0.025,0.038,0.092,-0.033,0.13,0.014,0.009,0.045,0.034,0.082,-0.044,-0.061,-0.007,0.002,-0.018,0.047,0.065,-0.023,-0.006,0.023,-0.034,0.023,0.064,-0.009,-0.104,-0.019,-0.082,-0.045,0.015,-0.064,0.108,0.03,-0.024,0.045,-0.076,-0.114,-0.004,-0.021,0.037,-0.057,0.056,0.007,0.0,-0.001,-0.009,0.069,-0.109,-0.019,-0.141,-0.15,-0.162,-0.004,-0.15,0.027,0.027,-0.002,-0.113,-0.018,-0.131,-0.039,-0.111,-0.002,-0.07,-0.027,-0.045,-0.094,-0.029,0.098,-0.043,-0.043,-0.018,-0.026,0.048,0.059,0.016,0.1,-0.002,-0.032,0.0,-0.077,-0.018,0.007,0.036,0.005,0.028,-0.015,0.031,-0.016,0.139,0.056,0.059,0.087,0.123,0.108,0.137,-0.079,0.1,-0.006,0.103,0.089,-0.028,-0.028,-0.065,-0.058,-0.061,-0.034,-0.061,0.133,-0.136,0.081,0.034,0.091,-0.008,0.028,0.042,0.153,-0.034,0.032,0.009,-0.034,0.099,0.057,0.042,-0.026,-0.032,0.112,0.043,0.075,-0.049,-0.087,0.005,0.052,-0.085,0.133,0.054,0.075,-0.001,-0.053,-0.08,-0.0,0.096,-0.022,-0.036,0.012,-0.004,0.03,0.058,0.036,0.051,0.104,-0.066,-0.064,0.088,-0.026,-0.027,0.127,0.12,0.04,0.057,0.08,0.095,-0.011,0.025,0.015,0.006,0.037,0.051,0.029,0.055,0.094,0.029,0.021,-0.009,-0.061,0.022,0.012,-0.119,0.055,-0.01,0.063,0.072,0.007,-0.031,0.001,-0.021,0.001,-0.059,-0.085,-0.153,-0.103,0.006,-0.101,-0.034,-0.018,-0.011,-0.007,-0.036,0.028,0.023,-0.005,-0.022,0.102,0.026,0.045,-0.05,-0.114,-0.096,-0.081,-0.146,-0.075,-0.087,-0.145,-0.214,-0.128,-0.113,-0.178,-0.152,-0.151,0.027,-0.068,-0.061,-0.02,-0.075,-0.019,-0.097,0.007,-0.063,-0.128,0.02,-0.028,-0.119,-0.002,-0.111,0.064
ctx-lh-7Networks_LH_DorsAttn_Post_4,,,,,,,,,,,,,,,,,,,,,,,,,,,,,,,,,,,,,,,,,,,,,,,,,,,,,,,,,,0.019,-0.0,0.094,-0.039,0.024,-0.021,-0.043,-0.04,0.064,0.02,0.055,0.049,0.079,0.112,0.066,-0.078,0.163,0.094,0.154,0.091,0.146,0.126,0.051,0.146,0.081,0.065,-0.082,-0.092,0.009,-0.006,0.062,-0.048,-0.011,-0.066,-0.12,-0.121,0.04,-0.048,0.021,0.003,0.11,0.019,0.018,0.046,-0.038,0.053,0.033,-0.022,-0.045,-0.002,0.122,0.032,0.091,0.053,0.069,-0.156,-0.112,-0.077,-0.186,-0.099,-0.077,-0.16,-0.052,-0.001,-0.002,-0.039,-0.036,0.088,-0.06,0.007,-0.031,-0.088,0.045,0.023,-0.041,-0.074,0.186,-0.01,-0.033,0.026,-0.043,0.011,-0.016,-0.018,-0.04,-0.02,-0.03,-0.022,-0.039,0.076,-0.008,0.034,-0.018,-0.082,-0.03,-0.112,-0.107,-0.015,-0.241,-0.046,-0.125,0.095,-0.005,-0.072,-0.239,0.224,-0.043,0.168,-0.015,-0.095,-0.095,-0.049,-0.033,-0.03,0.032,-0.143,0.015,-0.144,0.09,0.038,0.044,-0.096,0.039,0.048,0.081,-0.102,-0.1,-0.173,-0.108,-0.028,-0.161,-0.055,-0.093,-0.128,-0.165,-0.121,-0.084,-0.104,-0.033,-0.176,-0.135,-0.1,-0.052,-0.114,-0.13,-0.111,-0.144,0.013,0.029,0.0,-0.02,-0.021,-0.134,0.0,-0.088,-0.023,-0.016,-0.047,0.054,-0.014,-0.064,0.033,0.015,0.02,0.066,0.037,0.081,0.043,0.07,0.13,0.129,0.086,0.139,0.055,0.105,-0.016,0.108,-0.008,0.064,0.087,0.056,-0.014,-0.005,0.109,-0.04,-0.017,0.016,-0.074,-0.135,-0.018,0.078,0.049,0.053,-0.134,0.061,0.005,-0.004,-0.053,0.002,-0.008,0.008,0.118,0.133,-0.088,0.019,0.044,0.031,0.091,0.037,0.159,0.041,0.198,0.145,-0.055,-0.056,0.002,-0.019,-0.063,-0.047,-0.142,-0.13,-0.11,-0.058,-0.131,0.009,0.015,-0.001,0.017,-0.048,0.056,-0.024,-0.037,0.111,-0.044,0.042,-0.01,0.005,-0.046,-0.064,-0.048,0.05,0.009,0.012
ctx-lh-7Networks_LH_DorsAttn_Post_5,,,,,,,,,,,,,,,,,,,,,,,,,,,,,,,,,,,,,,,,,,,,,,,,,,,,,,,,,,,0.056,0.079,-0.002,0.058,0.08,-0.005,0.045,0.045,0.041,0.039,-0.003,0.032,0.18,0.053,0.081,0.092,0.014,0.15,0.009,-0.04,0.076,0.018,0.067,0.067,0.236,0.129,-0.089,0.034,-0.027,0.061,0.008,-0.114,-0.008,-0.042,-0.139,0.026,-0.045,0.017,0.064,0.118,0.093,0.031,0.088,-0.081,0.016,0.089,-0.056,0.049,0.025,0.238,0.076,0.304,0.039,-0.063,-0.078,-0.024,-0.142,-0.15,-0.084,0.004,-0.138,-0.023,0.036,0.085,-0.033,-0.012,-0.043,0.087,-0.138,-0.074,-0.061,-0.041,-0.021,-0.055,-0.062,0.099,-0.125,-0.099,0.006,-0.04,-0.104,0.008,-0.045,-0.05,0.123,0.161,0.184,0.054,0.28,0.082,0.113,0.127,0.026,0.052,-0.091,-0.123,0.048,-0.046,-0.055,-0.052,-0.017,-0.116,0.039,0.021,-0.03,-0.089,0.134,0.068,-0.09,0.027,-0.03,0.082,-0.036,-0.009,-0.029,0.085,-0.099,0.035,0.018,0.113,0.065,-0.025,0.062,0.081,-0.117,-0.02,-0.035,-0.105,-0.014,-0.123,-0.106,-0.161,-0.028,-0.003,-0.182,-0.023,-0.045,-0.03,-0.05,0.012,-0.11,-0.067,-0.014,0.006,0.005,0.149,-0.045,0.041,0.034,0.015,0.071,-0.025,0.058,0.041,-0.041,0.135,0.022,-0.005,-0.015,-0.069,-0.006,-0.014,0.008,0.142,0.103,0.147,-0.065,0.032,0.152,0.004,0.004,0.05,-0.025,0.07,0.091,0.189,0.103,0.011,0.047,0.098,0.037,-0.018,-0.023,-0.031,-0.094,0.002,-0.018,0.02,0.001,0.028,0.061,0.043,-0.061,-0.029,-0.015,0.072,-0.054,-0.049,0.09,-0.047,0.03,-0.064,-0.0,0.003,-0.067,-0.007,0.31,0.163,0.203,0.102,0.076,-0.062,-0.044,-0.058,0.077,-0.034,-0.042,-0.137,-0.107,-0.071,-0.137,-0.02,-0.135,-0.133,-0.135,-0.161,0.036,-0.005,0.107,-0.064,-0.047,0.031,-0.107,-0.074,-0.071,-0.144,0.114,0.149,0.076,0.076,0.078,0.126
ctx-lh-7Networks_LH_DorsAttn_Post_6,,,,,,,,,,,,,,,,,,,,,,,,,,,,,,,,,,,,,,,,,,,,,,,,,,,,,,,,,,,,0.061,-0.072,0.054,-0.042,-0.056,-0.078,0.032,0.016,-0.026,0.03,0.027,0.054,0.033,-0.017,0.092,0.059,0.063,-0.031,-0.006,0.042,-0.017,-0.012,0.018,0.153,-0.01,-0.166,-0.059,-0.104,-0.046,-0.032,-0.058,-0.092,-0.109,-0.151,0.022,-0.118,-0.009,0.056,0.1,0.051,-0.035,0.003,-0.073,0.006,-0.012,-0.051,-0.061,0.029,0.07,0.045,0.151,0.041,-0.03,-0.125,-0.063,-0.148,-0.1,-0.117,-0.076,-0.099,-0.022,-0.012,0.0,-0.019,-0.061,-0.166,-0.081,-0.096,-0.052,-0.115,-0.014,-0.012,0.0,-0.033,0.081,-0.132,-0.08,0.008,0.029,-0.029,0.01,0.011,0.005,-0.022,0.035,-0.073,-0.058,0.037,0.091,0.13,0.076,0.111,-0.009,0.001,0.009,0.101,0.059,-0.01,0.026,0.061,0.087,-0.005,0.045,0.117,0.101,0.138,0.051,0.029,0.093,0.03,0.039,0.065,0.092,-0.069,-0.002,-0.114,-0.017,0.039,0.003,0.034,-0.019,0.024,0.076,0.01,-0.116,-0.06,-0.094,-0.088,-0.177,-0.037,0.023,-0.044,-0.115,-0.174,-0.069,-0.053,0.127,-0.083,-0.052,-0.117,0.109,-0.056,0.082,-0.057,0.117,-0.045,0.054,-0.002,0.113,-0.014,-0.095,0.033,0.016,0.003,0.071,-0.033,-0.001,-0.113,-0.067,0.076,0.007,-0.015,0.131,0.052,-0.067,0.036,0.169,0.157,0.079,0.054,0.104,-0.028,0.018,0.081,0.151,0.036,0.002,0.04,0.086,-0.014,-0.08,-0.022,-0.061,0.054,0.018,-0.071,0.002,-0.023,0.045,0.123,0.067,-0.027,-0.05,-0.037,-0.079,-0.058,-0.037,0.042,-0.024,0.095,-0.104,0.029,0.054,-0.022,-0.068,0.127,0.032,0.115,0.125,0.077,0.003,-0.042,-0.066,0.015,-0.001,0.004,-0.084,-0.106,-0.07,-0.119,-0.004,-0.092,-0.111,-0.096,-0.111,-0.136,-0.107,-0.085,-0.052,-0.172,0.014,-0.123,-0.038,-0.08,-0.033,-0.046,-0.062,-0.109,0.079,-0.037,0.095
ctx-lh-7Networks_LH_DorsAttn_Post_7,,,,,,,,,,,,,,,,,,,,,,,,,,,,,,,,,,,,,,,,,,,,,,,,,,,,,,,,,,,,,-0.005,0.082,-0.015,0.018,-0.002,-0.025,-0.029,-0.021,-0.059,0.016,0.129,0.064,0.087,0.047,0.058,0.065,-0.018,0.028,0.041,0.001,-0.003,0.015,0.186,0.139,-0.163,0.039,-0.02,0.02,-0.064,-0.109,-0.056,-0.07,-0.104,0.055,-0.162,0.028,0.072,0.125,0.057,-0.005,0.048,-0.055,0.057,-0.006,-0.046,0.021,-0.015,0.2,0.046,0.242,0.016,-0.024,-0.134,-0.046,-0.107,-0.051,-0.02,0.004,-0.111,-0.038,0.01,0.068,0.018,-0.061,-0.071,-0.029,-0.053,-0.016,-0.127,-0.012,-0.116,-0.037,-0.015,0.086,-0.102,-0.07,-0.023,0.023,-0.019,0.026,-0.037,-0.062,0.08,0.1,0.091,-0.015,0.213,0.048,0.09,0.094,0.121,0.067,0.03,-0.019,0.085,-0.002,0.043,-0.012,0.072,-0.104,0.059,0.054,-0.001,-0.091,0.179,0.14,-0.065,0.141,0.029,0.165,0.061,0.125,0.047,0.066,-0.124,-0.015,-0.009,0.066,0.08,0.022,-0.007,0.077,-0.046,-0.049,0.009,-0.117,-0.048,-0.136,-0.089,-0.1,-0.047,-0.066,-0.222,0.013,0.006,0.051,-0.203,-0.089,-0.062,-0.055,-0.045,0.043,0.019,0.066,0.009,0.044,0.022,0.092,0.058,-0.016,0.005,0.022,-0.03,0.052,-0.126,-0.01,-0.106,-0.085,-0.024,-0.001,-0.012,0.08,0.105,0.061,-0.051,0.057,0.154,0.05,0.054,0.059,-0.022,0.025,0.058,0.099,0.046,-0.095,-0.047,0.147,-0.018,-0.0,-0.018,-0.038,0.0,-0.038,-0.032,0.04,0.079,-0.013,0.076,-0.009,-0.045,0.035,-0.08,0.047,-0.047,0.008,0.009,-0.018,0.025,0.014,0.076,-0.052,0.004,-0.001,0.193,0.059,0.165,0.035,0.063,-0.032,0.013,-0.032,0.099,-0.042,-0.03,-0.035,-0.109,-0.066,-0.048,-0.005,-0.044,-0.027,-0.092,-0.105,-0.09,-0.06,0.034,-0.1,-0.118,0.016,-0.072,-0.019,-0.065,-0.054,0.074,0.122,0.006,0.026,0.077,0.168
ctx-lh-7Networks_LH_DorsAttn_Post_8,,,,,,,,,,,,,,,,,,,,,,,,,,,,,,,,,,,,,,,,,,,,,,,,,,,,,,,,,,,,,,-0.027,0.049,-0.135,0.066,0.103,0.04,0.062,-0.047,0.118,0.194,0.132,0.042,0.203,0.082,0.207,0.094,0.111,0.151,-0.014,0.183,0.226,0.192,0.151,-0.065,-0.043,-0.065,-0.043,0.074,-0.011,-0.021,0.034,-0.127,0.019,-0.082,0.02,0.009,0.06,0.018,0.001,0.046,-0.151,0.022,0.084,-0.045,0.029,-0.012,0.201,0.03,0.189,0.044,-0.032,-0.166,-0.073,-0.121,-0.193,-0.116,-0.09,-0.121,-0.001,-0.092,0.021,0.029,-0.121,-0.156,-0.137,-0.141,-0.136,-0.134,-0.063,-0.015,-0.101,-0.156,0.327,-0.103,-0.204,-0.029,-0.111,-0.048,-0.105,-0.077,0.058,-0.171,-0.059,-0.128,-0.123,0.188,-0.068,0.112,-0.003,0.082,-0.003,-0.063,0.02,0.053,0.025,-0.094,-0.071,0.085,0.157,-0.036,-0.109,0.116,0.089,0.148,-0.052,-0.016,-0.002,-0.101,-0.123,-0.123,0.02,-0.256,0.001,-0.257,0.071,-0.035,-0.121,0.004,-0.015,0.056,0.072,-0.152,-0.203,-0.106,-0.247,-0.1,-0.207,-0.065,-0.095,-0.191,-0.112,-0.24,-0.073,-0.143,0.107,-0.075,-0.074,-0.114,-0.004,-0.088,0.032,-0.081,0.065,-0.096,0.058,-0.157,-0.005,0.026,-0.138,0.075,-0.006,-0.089,0.17,-0.014,-0.04,-0.052,-0.084,0.037,0.042,0.049,0.151,0.09,0.099,-0.006,0.16,0.299,0.11,0.138,0.172,0.053,0.218,0.157,0.263,0.185,0.087,0.058,0.047,-0.096,-0.001,-0.047,-0.045,0.043,0.029,0.004,-0.07,-0.095,0.158,0.124,0.006,-0.169,-0.069,-0.091,-0.112,-0.11,-0.066,0.097,-0.022,0.158,0.127,-0.012,-0.027,-0.126,-0.144,0.269,0.059,0.208,0.163,0.211,0.1,0.04,-0.111,-0.018,-0.121,-0.043,-0.159,-0.165,-0.179,-0.195,-0.143,-0.168,-0.201,-0.119,-0.068,-0.147,-0.14,-0.026,-0.053,-0.143,0.177,-0.149,-0.063,-0.191,-0.014,-0.108,-0.083,-0.157,0.014,-0.044,0.077
ctx-lh-7Networks_LH_DorsAttn_Post_9,,,,,,,,,,,,,,,,,,,,,,,,,,,,,,,,,,,,,,,,,,,,,,,,,,,,,,,,,,,,,,,0.075,0.049,-0.014,0.041,0.042,-0.012,-0.072,0.012,0.122,0.014,-0.0,0.045,0.062,0.095,-0.041,-0.013,0.014,0.05,0.006,0.049,0.146,0.104,-0.08,-0.062,-0.034,-0.037,0.002,0.019,-0.01,-0.128,-0.174,0.004,-0.089,-0.052,0.023,0.038,0.112,0.059,0.117,-0.038,0.001,0.026,-0.058,0.017,0.025,0.149,-0.002,0.132,0.036,-0.023,-0.108,-0.011,-0.125,-0.082,-0.069,-0.057,-0.077,-0.031,0.024,0.054,-0.08,-0.053,-0.135,0.078,-0.109,-0.057,-0.047,-0.05,-0.04,-0.047,-0.092,0.123,-0.067,-0.118,-0.03,0.022,0.029,0.052,0.03,0.053,-0.021,0.04,-0.017,-0.068,0.076,-0.011,0.011,0.015,0.084,0.005,-0.034,-0.025,0.083,0.09,-0.041,0.035,0.046,0.076,0.034,0.034,0.006,0.028,0.119,0.052,-0.024,0.1,-0.01,0.063,0.025,0.072,-0.002,0.004,-0.132,-0.009,-0.038,0.013,0.039,-0.019,0.076,0.076,-0.047,-0.003,0.034,-0.01,0.033,0.005,-0.033,-0.062,-0.002,0.048,-0.073,0.064,-0.009,0.037,-0.008,-0.023,-0.068,-0.011,0.046,0.169,-0.08,0.064,-0.073,0.049,0.03,0.078,0.017,0.052,0.042,0.1,0.081,0.124,0.028,0.011,-0.094,-0.064,0.027,-0.059,-0.055,0.116,0.104,0.042,-0.01,0.039,0.094,0.011,-0.006,0.02,-0.052,0.033,0.055,0.101,0.136,0.009,0.02,0.067,-0.075,-0.063,-0.032,-0.074,-0.074,-0.037,-0.048,0.011,-0.034,0.0,0.01,-0.036,-0.032,-0.048,-0.014,-0.033,-0.013,-0.057,0.029,-0.055,0.088,-0.018,0.039,-0.041,-0.05,-0.015,0.13,0.031,0.101,0.17,0.036,-0.02,-0.071,-0.133,-0.037,-0.093,-0.113,-0.139,-0.132,-0.079,-0.14,-0.179,-0.128,-0.155,-0.123,-0.186,-0.053,-0.101,-0.017,-0.106,-0.141,0.013,-0.17,-0.095,-0.117,-0.095,0.032,0.009,-0.089,-0.017,-0.051,0.075
ctx-lh-7Networks_LH_DorsAttn_Post_10,,,,,,,,,,,,,,,,,,,,,,,,,,,,,,,,,,,,,,,,,,,,,,,,,,,,,,,,,,,,,,,,-0.054,0.048,-0.018,-0.003,-0.027,-0.014,0.033,0.1,0.022,0.028,0.05,0.045,0.081,0.009,0.064,0.062,-0.018,0.046,0.06,0.092,0.067,-0.137,0.029,0.032,0.034,0.044,-0.052,0.042,0.06,-0.042,0.027,0.054,0.023,0.051,0.042,0.033,0.065,0.115,-0.06,-0.031,0.024,-0.008,-0.003,0.056,0.154,0.003,0.149,0.011,-0.03,-0.054,0.07,-0.118,-0.129,-0.063,-0.013,-0.115,-0.013,0.032,0.054,-0.041,-0.004,-0.023,0.069,-0.093,-0.063,-0.082,-0.028,-0.052,-0.058,-0.059,0.086,-0.106,-0.129,-0.022,0.006,0.015,-0.0,-0.081,-0.012,-0.027,0.017,-0.061,-0.021,0.109,0.019,0.103,0.11,0.115,0.06,-0.064,-0.05,0.009,0.055,-0.111,-0.114,0.09,0.046,-0.056,-0.024,-0.058,0.002,-0.004,-0.094,-0.076,0.01,-0.085,-0.076,-0.047,-0.008,-0.086,-0.019,-0.119,-0.005,0.026,0.024,0.042,-0.052,0.123,0.071,-0.093,0.025,-0.091,-0.055,0.019,-0.049,-0.072,-0.121,-0.033,-0.02,-0.173,-0.031,-0.11,-0.023,-0.1,-0.023,-0.138,0.027,-0.096,0.105,-0.018,0.112,-0.001,-0.018,0.066,0.006,0.025,0.028,-0.069,-0.059,-0.09,0.027,-0.025,0.035,-0.074,-0.093,0.022,0.012,-0.011,0.14,0.067,0.074,-0.012,0.049,0.142,0.02,0.029,0.099,-0.013,0.118,0.026,-0.011,0.005,-0.002,0.002,0.057,0.006,0.069,0.102,0.062,0.047,0.048,0.046,0.135,0.078,0.016,-0.001,-0.022,0.028,-0.009,0.05,0.017,-0.068,-0.03,0.01,-0.001,0.082,-0.042,0.002,0.004,-0.092,-0.044,0.212,0.031,0.158,0.107,0.08,-0.023,-0.048,-0.072,0.031,-0.026,-0.072,0.015,-0.049,-0.006,-0.115,-0.027,-0.088,-0.037,-0.036,-0.083,0.054,0.013,0.01,-0.023,-0.037,0.036,-0.195,-0.052,-0.12,-0.174,-0.006,-0.038,-0.039,0.025,-0.012,0.034
ctx-lh-7Networks_LH_DorsAttn_Post_11,,,,,,,,,,,,,,,,,,,,,,,,,,,,,,,,,,,,,,,,,,,,,,,,,,,,,,,,,,,,,,,,,-0.019,0.013,-0.054,-0.055,-0.057,0.092,0.185,0.158,0.074,0.09,0.034,0.168,0.051,0.089,0.105,0.021,0.057,0.163,0.045,0.092,-0.15,-0.041,-0.043,-0.032,0.055,0.083,-0.017,0.012,-0.011,0.167,0.022,0.092,0.038,0.052,-0.002,0.084,-0.027,-0.13,-0.042,-0.034,-0.077,-0.019,-0.026,0.107,0.032,0.14,0.004,0.017,-0.048,-0.031,-0.086,-0.142,-0.034,-0.015,-0.165,-0.038,-0.02,0.021,0.038,-0.042,-0.046,-0.099,-0.049,-0.095,-0.108,0.004,-0.128,-0.049,-0.152,0.136,-0.084,-0.217,-0.044,-0.077,0.002,-0.091,-0.091,0.008,-0.115,-0.128,-0.102,-0.101,0.115,-0.137,0.043,-0.005,0.044,0.024,-0.081,-0.062,0.085,0.026,-0.147,-0.097,0.151,0.064,-0.061,-0.082,0.017,-0.023,0.035,-0.097,-0.118,-0.034,-0.096,-0.111,-0.078,-0.054,-0.102,0.035,-0.168,0.094,0.028,-0.032,0.024,-0.028,0.155,0.134,-0.096,-0.04,-0.041,-0.164,0.047,-0.138,-0.036,-0.207,-0.1,-0.114,-0.212,-0.008,-0.061,-0.013,-0.048,-0.018,-0.056,-0.042,-0.053,0.037,-0.057,0.133,-0.053,-0.07,-0.082,-0.01,-0.002,-0.08,0.012,-0.022,-0.06,0.047,0.0,0.025,-0.088,-0.16,-0.006,0.075,0.084,0.175,0.105,0.097,0.043,0.011,0.209,0.093,0.024,0.166,0.091,0.166,0.022,0.085,0.102,0.087,0.029,0.051,-0.066,-0.007,0.004,0.053,0.035,0.074,0.083,0.131,0.014,0.12,0.036,0.014,0.023,-0.044,-0.066,-0.012,-0.053,-0.076,-0.031,-0.085,0.103,0.06,-0.014,-0.063,-0.048,-0.072,0.145,0.027,0.202,0.06,0.117,0.094,0.053,-0.043,0.014,-0.09,-0.024,0.04,0.019,-0.035,-0.003,-0.006,-0.09,-0.05,-0.019,-0.056,-0.081,-0.033,-0.061,-0.096,-0.13,0.094,-0.182,-0.067,-0.152,-0.118,-0.113,-0.049,-0.137,-0.046,-0.003,0.061
ctx-lh-7Networks_LH_DorsAttn_Post_12,,,,,,,,,,,,,,,,,,,,,,,,,,,,,,,,,,,,,,,,,,,,,,,,,,,,,,,,,,,,,,,,,,-0.075,-0.022,-0.069,0.036,0.024,0.123,0.003,0.034,0.039,0.086,0.165,0.057,0.106,0.108,-0.018,0.105,0.13,0.039,0.086,-0.127,-0.07,-0.058,0.002,-0.047,-0.01,-0.021,-0.133,-0.128,0.064,-0.103,-0.024,-0.026,-0.02,-0.047,-0.016,0.061,-0.082,0.035,0.024,-0.032,0.001,0.006,0.071,0.01,0.021,-0.044,-0.018,-0.154,-0.089,-0.101,-0.103,-0.068,-0.05,-0.091,0.003,-0.029,0.014,-0.076,-0.021,-0.023,-0.1,-0.056,-0.059,-0.124,0.009,-0.065,-0.078,-0.053,0.206,-0.074,-0.141,-0.043,-0.074,0.008,-0.054,-0.058,0.049,-0.136,-0.096,-0.182,-0.105,0.006,-0.126,0.012,-0.01,0.221,-0.007,-0.007,0.108,0.027,0.126,-0.038,-0.13,0.205,0.205,-0.078,0.051,0.135,0.11,0.094,-0.053,0.011,0.176,0.002,-0.132,0.068,0.1,-0.006,-0.033,-0.079,0.068,-0.003,-0.047,0.055,-0.013,0.128,0.068,-0.035,-0.001,-0.077,-0.029,0.006,-0.082,-0.064,-0.007,-0.04,-0.153,-0.101,-0.068,-0.08,0.018,-0.13,-0.206,-0.163,0.049,-0.158,0.156,-0.053,0.022,-0.072,-0.073,-0.013,0.022,-0.132,-0.024,0.02,-0.047,0.002,0.007,-0.077,0.033,-0.083,-0.097,0.05,0.032,-0.047,0.172,0.101,0.082,0.045,0.012,0.088,0.111,0.074,0.138,0.023,0.094,-0.068,0.058,0.001,0.046,-0.008,-0.018,-0.111,-0.021,-0.005,0.014,-0.022,-0.039,-0.088,0.052,-0.024,0.036,-0.051,-0.058,-0.08,-0.03,-0.069,-0.021,-0.138,-0.052,0.002,-0.088,0.19,0.051,-0.02,-0.001,-0.129,-0.073,0.079,0.022,0.08,0.078,0.157,0.022,-0.053,-0.098,-0.027,-0.054,-0.129,-0.055,-0.067,-0.022,-0.118,-0.102,-0.086,-0.071,-0.078,-0.053,-0.099,-0.08,-0.101,-0.033,-0.127,0.111,-0.169,-0.144,-0.154,-0.136,-0.159,-0.116,-0.17,-0.122,-0.151,-0.035
ctx-lh-7Networks_LH_DorsAttn_FEF_1,,,,,,,,,,,,,,,,,,,,,,,,,,,,,,,,,,,,,,,,,,,,,,,,,,,,,,,,,,,,,,,,,,,-0.035,-0.131,-0.056,0.13,0.022,0.027,0.054,-0.065,-0.028,0.011,-0.018,-0.017,-0.005,-0.104,0.101,0.018,0.126,0.062,-0.118,-0.024,-0.043,-0.02,0.025,-0.031,-0.038,-0.102,-0.022,0.012,-0.015,-0.035,-0.122,-0.053,-0.022,-0.052,0.05,-0.118,-0.004,-0.038,-0.085,-0.006,-0.055,0.204,-0.05,0.193,0.018,-0.116,-0.113,-0.175,-0.097,-0.006,0.071,-0.058,-0.076,0.035,0.016,-0.032,0.052,-0.096,-0.053,-0.004,-0.056,-0.017,-0.013,-0.018,-0.002,0.069,-0.039,0.067,-0.092,-0.083,0.021,-0.022,-0.09,-0.06,0.039,-0.023,0.055,0.066,0.033,0.019,0.247,0.015,0.168,0.108,0.04,-0.037,0.032,0.063,0.049,0.135,0.087,0.101,0.035,-0.042,0.033,0.051,0.029,0.113,0.084,0.055,0.141,0.119,0.089,0.01,0.096,0.077,0.02,-0.051,-0.009,-0.091,-0.085,-0.138,0.104,-0.074,-0.021,-0.016,-0.106,0.003,-0.042,-0.057,0.055,0.103,-0.083,-0.167,-0.029,0.072,-0.078,-0.034,-0.032,-0.097,-0.081,0.056,-0.18,-0.065,0.027,0.084,-0.049,0.074,-0.089,-0.047,-0.027,0.047,-0.017,0.034,-0.07,0.029,-0.008,-0.016,-0.111,0.032,-0.057,-0.121,0.026,0.067,0.012,0.044,0.077,0.049,-0.03,-0.031,0.023,0.032,-0.032,-0.002,-0.062,0.04,0.067,0.031,0.033,-0.014,-0.033,0.016,-0.005,-0.006,0.051,0.038,0.003,-0.087,-0.01,-0.003,0.005,0.071,0.019,-0.154,-0.115,0.017,0.022,0.123,-0.021,-0.039,-0.017,-0.097,0.077,-0.062,0.12,-0.101,-0.079,-0.172,0.349,0.025,0.232,0.052,0.038,-0.059,0.063,-0.041,-0.071,-0.074,-0.044,-0.023,-0.1,-0.022,0.04,0.044,0.007,0.008,-0.04,0.02,-0.055,-0.052,0.02,-0.037,-0.062,0.121,-0.127,-0.103,-0.124,-0.049,-0.01,0.038,0.017,-0.01,0.063,0.062
ctx-lh-7Networks_LH_DorsAttn_FEF_2,,,,,,,,,,,,,,,,,,,,,,,,,,,,,,,,,,,,,,,,,,,,,,,,,,,,,,,,,,,,,,,,,,,,-0.006,-0.064,0.092,0.115,0.053,0.021,0.092,-0.028,0.12,0.085,0.102,0.121,-0.106,0.216,0.158,0.14,0.126,-0.125,-0.097,-0.041,0.055,0.002,0.029,-0.038,-0.108,-0.076,-0.09,-0.123,-0.073,-0.072,0.007,-0.006,-0.103,0.04,-0.122,0.002,-0.041,-0.07,0.017,-0.034,0.118,0.009,0.182,0.11,0.0,-0.129,-0.163,-0.09,-0.025,-0.064,-0.045,-0.029,-0.004,0.034,-0.015,0.003,-0.071,-0.093,-0.104,-0.092,-0.016,-0.039,-0.027,-0.002,-0.017,-0.02,0.289,-0.053,-0.04,0.044,-0.036,0.029,-0.077,0.016,0.127,-0.12,0.006,-0.055,0.011,0.12,-0.035,0.146,0.093,-0.011,-0.015,0.027,0.006,0.043,0.023,0.025,0.028,0.052,-0.028,0.022,-0.013,0.095,0.108,0.151,0.021,0.044,0.053,0.097,-0.0,0.001,0.047,-0.004,-0.08,-0.065,-0.003,0.014,-0.099,0.045,-0.034,0.117,0.136,-0.03,-0.004,0.008,-0.071,0.028,-0.042,-0.079,-0.077,0.029,-0.056,-0.154,-0.101,-0.158,0.077,-0.059,-0.082,-0.159,-0.065,-0.072,0.09,-0.047,0.096,-0.061,-0.078,0.003,-0.002,-0.071,0.038,-0.056,-0.103,0.002,0.084,-0.018,-0.016,-0.124,-0.075,-0.016,0.009,0.03,0.158,0.069,0.094,0.029,0.065,0.156,0.052,0.037,0.141,-0.068,0.149,0.061,0.109,0.081,0.063,0.043,0.026,-0.099,0.013,0.083,-0.01,-0.009,-0.013,-0.024,0.014,-0.051,0.043,0.05,-0.09,-0.181,-0.075,-0.01,0.076,-0.067,-0.097,-0.029,-0.12,0.123,0.089,-0.101,0.028,-0.132,-0.122,0.205,0.045,0.181,0.105,0.206,0.137,0.033,-0.035,-0.064,-0.066,-0.052,-0.032,-0.077,-0.015,-0.07,0.012,0.005,-0.091,-0.068,-0.127,-0.096,-0.029,0.007,-0.048,-0.006,0.135,-0.103,-0.069,-0.128,0.006,-0.114,-0.012,0.009,-0.051,0.048,0.072
ctx-lh-7Networks_LH_DorsAttn_FEF_3,,,,,,,,,,,,,,,,,,,,,,,,,,,,,,,,,,,,,,,,,,,,,,,,,,,,,,,,,,,,,,,,,,,,,-0.123,0.023,0.168,-0.046,0.035,0.022,-0.063,0.117,0.046,0.001,0.111,-0.16,0.107,0.188,0.174,0.163,-0.022,0.037,0.039,0.004,0.094,0.03,0.049,-0.02,-0.015,-0.015,0.027,-0.131,-0.121,-0.075,-0.129,-0.017,0.009,-0.144,-0.076,-0.055,-0.118,-0.078,-0.106,0.123,-0.032,0.068,-0.032,-0.082,-0.123,-0.137,-0.027,-0.068,-0.052,-0.084,-0.063,0.046,-0.014,-0.03,-0.036,-0.178,-0.087,0.08,-0.077,-0.008,0.023,-0.098,-0.028,-0.166,-0.121,0.137,-0.178,-0.149,-0.054,-0.081,-0.091,-0.08,-0.06,0.116,0.061,0.035,-0.044,-0.019,0.144,-0.095,0.093,0.055,0.148,-0.019,0.14,0.184,0.032,0.171,0.184,0.177,0.089,0.15,0.196,0.157,0.139,0.168,0.239,0.184,0.124,0.086,0.069,0.09,0.094,0.014,-0.0,0.035,-0.161,0.016,0.024,0.012,0.068,0.038,0.057,0.151,-0.067,0.069,-0.01,-0.015,0.056,0.064,0.031,-0.039,0.042,0.085,-0.117,-0.014,-0.05,0.058,-0.04,0.028,-0.125,-0.055,-0.024,0.179,-0.114,0.107,-0.186,-0.139,0.02,-0.02,-0.059,0.057,-0.096,0.025,-0.073,0.074,-0.037,0.064,-0.103,0.014,-0.048,-0.073,-0.052,0.177,0.098,0.029,-0.079,0.071,0.165,0.057,-0.008,0.044,-0.198,0.107,-0.012,0.122,0.13,0.097,0.056,-0.019,-0.079,-0.022,0.021,0.091,0.052,-0.054,-0.078,0.044,-0.012,-0.045,-0.078,-0.153,-0.191,0.016,-0.11,0.112,-0.208,-0.092,-0.096,-0.18,0.021,-0.065,-0.083,-0.064,-0.172,-0.17,0.224,0.116,0.134,0.042,0.068,0.038,-0.076,-0.154,-0.109,-0.173,-0.209,-0.077,-0.219,-0.07,-0.081,-0.151,-0.052,-0.157,-0.196,-0.275,0.047,-0.013,-0.012,-0.209,-0.206,0.078,-0.151,-0.243,-0.123,-0.111,0.038,-0.031,-0.046,-0.095,-0.015,0.027
ctx-lh-7Networks_LH_DorsAttn_PrCv_1,,,,,,,,,,,,,,,,,,,,,,,,,,,,,,,,,,,,,,,,,,,,,,,,,,,,,,,,,,,,,,,,,,,,,,0.004,0.04,0.013,-0.009,-0.014,-0.032,0.077,-0.051,-0.042,0.012,-0.163,0.064,0.047,0.141,0.119,-0.155,-0.002,-0.095,-0.007,0.057,-0.022,-0.033,-0.06,-0.082,0.135,-0.104,-0.119,-0.036,-0.015,-0.036,-0.023,0.082,-0.172,-0.026,-0.052,-0.073,0.025,-0.057,0.106,0.035,0.184,0.143,-0.094,-0.099,-0.088,-0.08,-0.051,-0.021,-0.109,-0.062,-0.026,-0.029,0.034,-0.022,-0.089,-0.141,-0.098,-0.116,0.0,-0.043,-0.063,-0.009,-0.057,-0.005,0.172,-0.126,-0.114,0.063,-0.06,0.019,-0.025,-0.037,-0.046,0.004,0.038,0.002,-0.008,0.116,0.019,0.11,0.082,0.024,-0.032,-0.051,-0.019,0.012,-0.03,0.046,0.061,0.069,0.041,0.023,-0.049,0.155,0.074,0.177,0.018,0.045,-0.005,0.064,0.008,0.018,0.003,-0.01,-0.067,-0.064,-0.002,-0.048,-0.049,-0.013,-0.02,0.006,0.02,-0.071,-0.116,-0.112,-0.059,-0.108,-0.098,-0.097,-0.061,-0.009,-0.086,-0.147,-0.107,-0.197,0.032,-0.135,-0.146,-0.111,-0.035,-0.164,0.112,0.002,0.014,-0.066,0.015,0.032,-0.013,-0.057,-0.047,-0.015,-0.045,0.042,0.081,0.051,-0.014,-0.101,-0.041,-0.085,-0.072,-0.002,0.024,-0.056,0.007,-0.12,0.018,0.084,0.049,-0.024,0.038,-0.088,0.073,0.068,0.077,0.025,-0.088,0.08,0.001,-0.006,-0.04,-0.008,0.007,-0.018,0.037,0.005,-0.033,-0.049,0.037,0.061,-0.044,-0.099,-0.024,-0.017,0.006,-0.03,-0.049,-0.016,-0.036,0.074,0.02,-0.059,0.071,-0.1,-0.063,0.133,0.069,0.109,0.046,0.092,-0.007,-0.01,-0.022,-0.011,-0.051,0.008,-0.048,-0.059,-0.04,-0.053,-0.028,-0.073,-0.056,-0.042,-0.073,-0.112,-0.027,0.038,-0.053,-0.067,0.091,-0.068,-0.105,-0.063,-0.046,-0.039,-0.013,0.002,0.025,0.064,0.064
ctx-lh-7Networks_LH_SalVentAttn_ParOper_1,,,,,,,,,,,,,,,,,,,,,,,,,,,,,,,,,,,,,,,,,,,,,,,,,,,,,,,,,,,,,,,,,,,,,,,-0.111,-0.019,-0.0,-0.167,-0.042,-0.097,-0.083,0.03,-0.048,0.018,0.001,-0.085,-0.066,0.02,0.047,-0.039,0.025,0.077,-0.154,-0.19,-0.124,-0.193,-0.084,-0.107,-0.185,-0.008,-0.031,0.024,-0.044,-0.012,-0.066,-0.011,0.167,-0.072,0.091,-0.09,-0.025,-0.11,0.051,-0.084,-0.162,0.081,-0.048,-0.043,-0.142,0.09,0.074,0.02,0.09,0.14,0.129,0.002,0.083,0.05,-0.039,-0.074,-0.005,0.093,0.075,0.007,0.015,0.054,0.118,-0.047,0.101,0.1,-0.033,0.054,0.12,0.009,0.169,0.157,-0.137,-0.024,-0.118,0.091,-0.088,0.007,-0.026,0.115,-0.036,-0.149,0.097,0.087,-0.028,0.049,0.051,0.115,0.01,0.082,-0.09,0.039,0.099,0.181,0.043,-0.008,0.192,0.092,0.258,0.053,0.22,0.064,0.116,-0.052,0.094,-0.037,0.008,-0.12,0.024,-0.023,0.012,0.06,0.224,0.166,0.147,0.19,0.063,0.177,0.072,0.217,0.082,0.142,0.18,0.105,0.109,-0.003,0.059,-0.002,-0.015,0.157,0.136,-0.007,-0.033,-0.022,-0.035,-0.093,0.15,0.02,-0.056,0.126,-0.03,-0.07,0.18,0.029,-0.031,0.037,-0.069,0.036,-0.022,-0.023,-0.063,-0.063,-0.063,-0.069,-0.01,-0.071,-0.082,-0.116,-0.012,-0.027,-0.069,-0.088,-0.101,-0.032,-0.036,0.031,0.028,-0.007,-0.117,-0.082,0.059,-0.099,-0.143,-0.112,-0.088,-0.091,-0.065,-0.034,-0.12,-0.089,-0.171,-0.14,-0.064,-0.044,-0.131,-0.029,-0.168,-0.212,-0.023,0.01,-0.116,-0.055,-0.097,-0.048,-0.213,-0.028,-0.135,-0.06,-0.126,0.009,0.035,0.033,-0.001,-0.066,-0.05,-0.075,-0.072,-0.045,0.012,-0.018,0.132,-0.079,-0.064,-0.129,-0.08,0.016,-0.105,0.002,-0.012,-0.118,0.003,-0.013,-0.088,0.015,-0.211,-0.172,-0.023,-0.098,-0.066,0.051
ctx-lh-7Networks_LH_SalVentAttn_ParOper_2,,,,,,,,,,,,,,,,,,,,,,,,,,,,,,,,,,,,,,,,,,,,,,,,,,,,,,,,,,,,,,,,,,,,,,,,0.034,-0.01,0.026,0.018,0.144,0.013,0.015,-0.076,0.117,0.109,-0.013,0.066,0.068,-0.003,-0.04,-0.123,-0.055,-0.001,-0.055,-0.072,-0.035,-0.103,-0.172,-0.198,-0.054,-0.036,-0.01,0.009,0.032,-0.021,-0.046,0.021,0.082,0.071,-0.021,0.079,-0.041,0.037,-0.15,-0.095,-0.011,-0.198,-0.08,-0.17,-0.031,-0.073,-0.149,-0.057,0.048,-0.051,0.024,-0.079,-0.141,-0.126,-0.175,-0.129,-0.005,-0.15,-0.059,-0.099,-0.111,-0.044,0.011,-0.112,-0.134,0.016,-0.016,-0.009,-0.004,-0.066,0.13,-0.266,-0.243,-0.202,-0.168,-0.139,-0.165,-0.051,-0.046,0.019,-0.042,0.101,0.068,0.05,0.019,0.014,0.05,-0.033,0.094,-0.089,0.122,0.131,0.135,0.076,-0.033,0.051,0.198,0.064,-0.044,0.18,0.244,0.058,-0.079,-0.044,-0.071,-0.022,-0.122,0.069,-0.094,-0.06,0.015,0.086,0.088,0.1,0.071,-0.042,0.109,-0.037,0.14,0.124,0.119,0.107,0.121,-0.084,0.059,0.064,-0.102,0.008,0.054,-0.063,0.149,0.063,0.04,0.014,0.102,0.126,0.239,0.074,0.187,0.097,0.093,0.24,0.159,0.123,0.167,0.022,0.125,0.092,-0.082,-0.059,-0.014,0.043,0.113,0.048,0.029,0.13,0.04,0.043,0.035,-0.014,-0.063,-0.023,0.096,0.026,0.003,0.053,-0.023,-0.091,-0.08,0.009,-0.009,-0.04,0.019,-0.093,0.03,-0.149,0.092,0.028,-0.027,-0.167,-0.081,-0.019,-0.014,-0.116,-0.063,0.034,-0.108,0.144,-0.037,-0.089,0.017,-0.1,-0.039,-0.081,-0.013,-0.164,-0.046,-0.038,0.038,-0.061,-0.153,0.011,-0.131,-0.175,-0.155,-0.208,-0.088,-0.182,-0.149,-0.076,-0.242,-0.184,-0.196,-0.167,-0.128,-0.185,-0.127,-0.184,-0.137,-0.226,-0.048,-0.062,-0.085,-0.286,-0.158,-0.259,-0.169,-0.25,0.073
ctx-lh-7Networks_LH_SalVentAttn_ParOper_3,,,,,,,,,,,,,,,,,,,,,,,,,,,,,,,,,,,,,,,,,,,,,,,,,,,,,,,,,,,,,,,,,,,,,,,,,0.043,-0.108,-0.03,-0.117,-0.082,-0.118,-0.052,0.063,-0.135,-0.083,0.002,0.046,-0.018,-0.011,-0.011,0.017,-0.153,-0.096,-0.128,-0.112,-0.121,0.002,-0.135,-0.036,0.002,0.025,-0.012,0.054,-0.035,-0.032,0.033,-0.029,0.057,-0.082,0.062,-0.158,-0.007,-0.177,-0.057,0.013,-0.014,-0.049,-0.084,0.171,0.134,0.049,0.144,0.197,0.146,0.024,0.045,0.075,-0.055,0.018,0.016,0.079,0.102,0.02,0.005,-0.012,0.106,-0.11,0.061,0.081,-0.026,0.123,0.046,0.058,0.124,0.149,0.024,0.049,-0.06,0.074,-0.169,0.122,0.053,0.128,0.083,-0.006,0.164,0.14,0.1,0.132,0.077,0.176,0.052,0.023,0.108,0.17,0.029,0.141,0.043,0.122,0.169,0.171,0.223,0.191,0.263,0.147,0.194,0.031,0.145,0.045,0.164,0.032,0.128,0.088,0.064,0.218,0.269,0.206,0.207,0.28,0.111,0.267,0.22,0.353,0.279,0.193,0.223,0.232,0.256,0.201,0.166,0.062,0.073,0.264,0.21,0.164,-0.028,0.064,-0.047,-0.05,0.147,0.107,-0.091,0.191,0.029,0.048,0.212,0.096,0.123,0.046,-0.184,0.109,0.014,-0.07,-0.093,0.097,0.023,-0.104,-0.036,-0.058,0.031,-0.154,0.007,-0.03,-0.076,-0.066,-0.0,-0.024,0.023,-0.007,-0.059,0.038,-0.068,-0.091,0.054,-0.112,-0.133,-0.086,-0.091,0.011,-0.005,-0.087,-0.095,-0.102,-0.057,-0.069,-0.036,-0.104,-0.105,-0.1,-0.139,-0.18,-0.096,-0.175,-0.021,-0.049,-0.105,-0.007,-0.258,-0.047,-0.175,-0.059,-0.182,-0.108,-0.063,0.005,0.019,0.007,-0.103,-0.039,-0.016,0.104,-0.036,0.006,0.093,-0.117,-0.123,-0.226,-0.013,-0.017,-0.084,-0.09,-0.057,-0.145,-0.048,-0.046,-0.06,-0.113,-0.017,-0.059,0.015,-0.051,-0.094,0.077
ctx-lh-7Networks_LH_SalVentAttn_TempOcc_1,,,,,,,,,,,,,,,,,,,,,,,,,,,,,,,,,,,,,,,,,,,,,,,,,,,,,,,,,,,,,,,,,,,,,,,,,,0.041,0.023,0.007,0.002,0.073,-0.04,-0.03,0.021,-0.008,-0.001,0.0,-0.047,0.082,0.017,0.028,-0.001,-0.105,-0.052,-0.008,-0.12,0.034,-0.074,-0.025,0.015,0.098,0.004,0.017,-0.061,-0.006,0.063,-0.063,0.02,-0.008,-0.026,0.002,0.087,0.056,-0.147,0.018,-0.127,-0.063,-0.078,-0.023,-0.046,-0.092,-0.119,0.016,-0.038,0.009,-0.011,-0.025,-0.034,-0.061,-0.068,0.0,-0.039,-0.044,-0.01,-0.032,0.061,0.076,-0.025,-0.034,0.043,0.028,0.126,0.001,-0.003,0.052,0.018,-0.022,-0.025,-0.005,0.051,0.004,-0.059,0.063,0.006,-0.067,0.078,-0.001,0.126,-0.125,0.072,0.093,0.044,0.014,0.039,-0.143,0.139,0.037,0.176,0.043,0.001,0.079,0.064,0.007,0.101,0.12,0.009,-0.115,-0.205,0.012,-0.084,-0.123,-0.161,-0.078,-0.027,0.023,-0.088,-0.049,-0.109,-0.057,-0.073,-0.064,-0.005,0.021,0.01,-0.066,-0.045,-0.041,-0.049,-0.038,-0.046,-0.101,-0.057,-0.004,-0.061,-0.079,-0.077,-0.177,-0.084,-0.001,0.015,-0.045,0.047,-0.009,-0.039,-0.08,0.142,-0.026,-0.046,0.053,-0.087,-0.022,-0.036,-0.107,-0.029,-0.045,0.018,0.014,-0.041,-0.008,0.008,-0.049,0.001,0.021,-0.084,-0.025,-0.039,0.054,0.012,0.049,0.007,-0.027,0.028,-0.085,0.02,-0.001,0.009,0.024,-0.112,-0.116,-0.106,0.061,-0.022,-0.004,-0.133,-0.034,-0.073,-0.043,-0.112,0.027,-0.102,-0.085,-0.027,0.06,-0.111,-0.048,-0.014,-0.005,-0.036,-0.053,0.064,-0.029,0.06,0.103,-0.048,-0.074,-0.119,-0.154,-0.085,-0.161,-0.153,-0.137,-0.09,-0.18,-0.145,-0.122,-0.099,-0.073,-0.079,-0.092,-0.01,-0.077,-0.086,0.051,-0.054,-0.062,-0.019,-0.08,-0.042,-0.075,-0.072,-0.055,-0.034,0.038
ctx-lh-7Networks_LH_SalVentAttn_FrOperIns_1,,,,,,,,,,,,,,,,,,,,,,,,,,,,,,,,,,,,,,,,,,,,,,,,,,,,,,,,,,,,,,,,,,,,,,,,,,,-0.129,-0.173,-0.175,-0.295,-0.118,-0.078,-0.099,-0.177,-0.097,-0.005,0.053,-0.064,-0.092,-0.04,-0.026,0.004,-0.118,-0.022,-0.064,-0.022,-0.087,-0.15,0.014,-0.117,-0.015,0.002,-0.111,-0.038,0.009,-0.053,0.027,-0.064,-0.01,-0.117,0.051,-0.228,-0.169,-0.059,-0.024,-0.119,-0.0,0.068,-0.054,-0.043,0.07,0.142,0.086,0.036,-0.084,-0.062,-0.169,-0.113,-0.13,0.065,-0.042,-0.081,-0.137,-0.063,0.021,-0.154,-0.071,0.0,0.013,-0.01,0.01,0.033,0.01,0.104,-0.016,-0.039,0.021,-0.05,-0.11,-0.097,-0.194,0.016,0.087,-0.054,0.169,0.086,0.118,0.054,0.146,0.149,0.024,0.011,0.119,0.239,0.172,0.098,0.146,0.216,0.117,0.156,0.103,0.141,0.194,0.219,0.12,0.09,0.104,-0.067,0.004,0.039,0.045,0.126,-0.079,0.097,0.207,0.217,0.144,0.132,0.057,0.254,0.065,0.277,0.198,0.17,0.175,0.152,0.058,0.059,0.127,-0.039,0.124,0.141,0.098,0.136,0.117,0.065,0.018,0.113,0.245,0.146,0.05,0.264,0.08,0.088,0.164,0.118,0.117,0.122,-0.001,0.194,0.056,-0.108,-0.076,0.089,0.032,0.055,-0.015,-0.186,-0.149,-0.244,-0.172,-0.178,-0.162,-0.202,-0.176,-0.047,-0.024,-0.073,-0.05,-0.115,-0.18,-0.087,-0.048,-0.071,-0.009,-0.093,-0.166,-0.028,-0.064,-0.073,-0.054,-0.07,-0.134,-0.215,-0.059,-0.063,-0.168,-0.119,-0.072,-0.183,-0.063,-0.137,-0.154,-0.016,-0.135,0.017,-0.108,-0.005,-0.195,-0.202,-0.13,-0.131,-0.066,-0.063,0.008,-0.06,-0.174,-0.113,-0.06,0.031,-0.145,-0.105,0.01,-0.27,-0.268,-0.34,-0.197,-0.015,-0.241,-0.157,-0.181,-0.176,-0.062,-0.127,-0.003,-0.139,-0.052,0.05,-0.069,-0.178,-0.118,0.04
ctx-lh-7Networks_LH_SalVentAttn_FrOperIns_2,,,,,,,,,,,,,,,,,,,,,,,,,,,,,,,,,,,,,,,,,,,,,,,,,,,,,,,,,,,,,,,,,,,,,,,,,,,,-0.123,-0.119,-0.11,-0.003,-0.146,0.093,-0.062,0.042,0.059,-0.038,-0.02,-0.072,0.056,0.002,0.045,-0.021,-0.014,-0.041,0.03,-0.123,-0.084,-0.063,-0.018,-0.023,-0.025,0.035,-0.032,0.056,-0.051,-0.16,-0.048,-0.079,0.03,0.142,0.041,0.014,-0.085,-0.047,-0.164,-0.131,0.101,0.025,-0.042,0.045,0.079,0.065,0.029,0.015,-0.026,-0.167,-0.151,-0.09,0.045,-0.056,-0.124,-0.039,-0.025,0.069,-0.034,0.003,0.024,0.022,0.018,0.022,0.02,0.065,0.046,-0.016,-0.002,0.078,0.001,0.096,-0.072,0.066,0.088,-0.037,-0.008,0.007,0.004,-0.011,0.041,0.083,0.034,-0.085,-0.072,0.044,0.09,-0.078,0.031,0.037,0.101,0.103,0.079,0.11,0.132,0.128,0.053,0.075,-0.031,-0.004,-0.044,-0.013,-0.075,-0.036,-0.089,-0.016,0.026,0.083,0.09,0.118,0.07,0.045,0.065,-0.071,0.038,0.128,0.079,-0.027,0.008,-0.099,0.024,0.04,-0.084,-0.056,0.016,-0.047,0.076,0.022,0.002,-0.023,0.029,0.146,0.079,0.031,0.134,0.069,0.078,0.111,0.122,0.128,0.027,-0.009,0.075,-0.017,-0.241,-0.144,-0.001,-0.029,0.015,-0.017,-0.141,-0.044,-0.13,-0.013,-0.052,-0.158,-0.055,0.027,0.025,0.035,-0.079,-0.079,0.042,-0.008,-0.096,-0.017,-0.025,-0.03,-0.032,-0.056,-0.058,-0.068,-0.028,-0.044,-0.071,-0.127,-0.103,-0.035,0.095,-0.059,0.045,-0.069,-0.196,0.015,-0.005,-0.089,-0.004,-0.092,-0.032,0.05,0.156,-0.016,-0.076,-0.054,-0.187,-0.066,-0.042,-0.02,-0.095,-0.078,-0.101,-0.055,-0.058,0.005,-0.073,-0.02,-0.201,-0.218,-0.316,-0.116,-0.115,-0.052,-0.044,-0.114,-0.096,-0.036,-0.082,0.002,0.018,0.021,0.047,-0.062,-0.104,0.023,-0.004
ctx-lh-7Networks_LH_SalVentAttn_FrOperIns_3,,,,,,,,,,,,,,,,,,,,,,,,,,,,,,,,,,,,,,,,,,,,,,,,,,,,,,,,,,,,,,,,,,,,,,,,,,,,,-0.001,-0.138,0.044,-0.032,0.047,0.015,0.069,0.138,0.042,-0.025,-0.082,0.044,-0.045,0.08,-0.043,-0.055,-0.071,-0.107,-0.079,-0.228,-0.117,-0.138,-0.07,0.001,-0.068,-0.153,-0.025,-0.005,-0.101,-0.151,-0.012,-0.055,0.093,-0.176,-0.107,-0.054,-0.077,-0.211,-0.109,0.141,-0.08,-0.103,0.059,0.08,0.041,0.033,-0.094,-0.12,-0.225,-0.129,-0.148,0.035,-0.064,-0.088,-0.065,-0.03,-0.028,0.027,-0.094,-0.081,-0.049,-0.056,0.05,-0.0,0.041,0.183,-0.022,-0.062,-0.012,-0.101,-0.072,-0.14,-0.035,0.012,0.006,-0.064,0.018,0.093,0.058,0.068,0.134,0.165,0.001,0.094,0.093,0.215,0.155,0.084,0.15,0.147,0.071,0.15,0.149,0.166,0.16,0.161,0.114,0.02,0.081,0.091,0.125,-0.002,0.063,0.093,0.05,0.272,0.252,0.224,0.175,0.247,0.043,0.223,0.124,0.226,0.222,0.193,0.109,0.16,0.049,0.078,0.116,-0.025,0.084,0.157,0.099,0.149,0.022,0.038,-0.065,0.027,0.258,0.134,0.007,0.237,0.076,0.146,0.219,0.233,0.212,0.17,0.037,0.213,0.08,-0.168,-0.049,0.174,0.077,0.077,0.075,-0.133,-0.029,-0.197,-0.064,-0.054,-0.304,-0.027,-0.061,0.056,0.07,0.055,-0.002,-0.026,-0.124,-0.064,0.032,-0.041,-0.081,-0.078,-0.104,0.054,-0.131,-0.07,-0.118,-0.153,-0.175,-0.189,-0.062,-0.01,-0.178,-0.159,-0.183,-0.229,-0.041,-0.096,-0.196,-0.057,-0.259,-0.045,-0.068,0.028,-0.159,-0.149,-0.065,-0.051,-0.11,-0.177,-0.007,-0.135,-0.234,-0.158,-0.174,-0.027,-0.066,-0.184,0.014,-0.198,-0.275,-0.318,-0.158,-0.016,-0.138,-0.144,-0.201,-0.093,-0.169,-0.197,-0.065,-0.029,-0.114,-0.041,-0.115,-0.222,-0.155,0.072
ctx-lh-7Networks_LH_SalVentAttn_FrOperIns_4,,,,,,,,,,,,,,,,,,,,,,,,,,,,,,,,,,,,,,,,,,,,,,,,,,,,,,,,,,,,,,,,,,,,,,,,,,,,,,-0.079,-0.111,-0.173,0.012,-0.067,-0.059,0.027,-0.017,-0.114,-0.089,-0.002,0.052,0.095,-0.035,-0.011,-0.045,-0.02,-0.162,-0.109,-0.098,-0.169,-0.055,-0.066,-0.106,-0.136,-0.067,-0.06,-0.055,-0.078,-0.09,-0.11,0.011,-0.125,-0.118,-0.074,-0.082,-0.104,-0.07,0.022,-0.048,-0.132,0.044,0.085,-0.054,-0.072,-0.104,-0.146,-0.186,-0.176,-0.107,0.032,-0.113,-0.096,-0.07,-0.065,-0.077,0.041,-0.131,-0.083,-0.036,-0.072,-0.009,-0.113,-0.02,0.142,-0.055,-0.148,-0.081,-0.152,-0.086,-0.137,-0.098,-0.027,0.001,-0.07,0.045,0.104,0.014,0.055,0.112,0.14,0.079,0.06,0.04,0.133,0.216,0.103,0.22,0.187,0.107,0.124,0.169,0.044,0.121,0.079,0.044,-0.005,0.06,-0.007,0.025,-0.056,0.056,0.011,-0.019,0.15,0.11,0.072,0.037,0.024,-0.047,0.108,-0.019,0.146,0.071,0.095,0.032,0.083,-0.067,0.006,0.047,-0.116,0.039,0.052,-0.018,0.047,0.008,0.039,-0.074,0.045,0.098,0.098,-0.003,0.127,0.019,0.021,0.108,0.099,0.133,0.082,0.005,0.084,-0.021,-0.111,-0.043,0.019,-0.062,-0.035,-0.024,-0.063,-0.059,-0.076,-0.229,-0.025,-0.175,-0.094,-0.106,-0.004,0.034,-0.041,0.036,-0.091,-0.186,-0.057,-0.016,0.046,0.082,0.023,-0.047,-0.017,-0.144,0.019,-0.004,-0.105,-0.147,-0.176,-0.124,-0.009,-0.119,-0.111,-0.063,-0.206,0.065,-0.018,-0.135,0.008,-0.154,-0.081,-0.066,-0.025,-0.064,-0.112,0.001,-0.019,-0.066,-0.13,-0.001,-0.112,-0.148,-0.124,-0.102,0.012,-0.151,-0.075,-0.01,-0.168,-0.183,-0.196,-0.211,-0.047,-0.16,-0.111,-0.195,-0.088,-0.122,-0.141,-0.057,0.013,-0.119,-0.091,-0.153,-0.135,-0.163,0.102
ctx-lh-7Networks_LH_SalVentAttn_FrOperIns_5,,,,,,,,,,,,,,,,,,,,,,,,,,,,,,,,,,,,,,,,,,,,,,,,,,,,,,,,,,,,,,,,,,,,,,,,,,,,,,,-0.097,-0.134,0.006,-0.085,-0.011,0.126,0.015,-0.08,-0.035,0.007,-0.069,-0.029,-0.072,-0.109,-0.013,-0.193,-0.082,-0.179,-0.182,-0.146,-0.107,-0.038,-0.138,-0.133,0.024,-0.141,-0.103,-0.052,-0.071,-0.123,0.122,-0.192,-0.193,-0.025,-0.052,-0.099,-0.027,0.104,0.047,-0.063,0.101,0.177,0.1,-0.037,-0.004,-0.059,-0.132,-0.051,-0.112,0.023,0.103,-0.052,-0.025,-0.038,0.07,-0.018,0.02,0.007,-0.011,-0.047,0.037,-0.041,0.104,0.172,0.011,0.02,-0.069,0.078,-0.106,-0.074,-0.053,0.101,0.057,-0.157,0.154,0.184,0.061,0.233,0.251,0.217,0.098,0.229,0.13,0.23,0.169,0.177,0.204,0.168,0.259,0.159,0.259,0.191,0.256,0.099,0.185,-0.037,0.076,0.019,0.118,-0.043,0.065,0.124,0.037,0.12,0.31,0.202,0.141,0.245,0.054,0.151,0.004,0.247,0.128,0.139,0.089,0.24,0.071,0.109,0.157,-0.091,-0.04,0.132,0.105,0.08,-0.054,-0.004,-0.151,-0.051,0.185,0.01,-0.04,0.171,-0.03,-0.042,0.166,0.122,0.135,0.081,-0.078,0.053,-0.042,-0.126,-0.04,0.061,-0.07,-0.051,-0.055,-0.225,-0.157,-0.17,-0.15,-0.067,-0.251,-0.143,-0.105,-0.092,0.041,-0.058,-0.065,-0.039,-0.113,-0.052,-0.057,-0.022,-0.049,-0.098,-0.185,-0.051,-0.158,-0.091,-0.181,-0.245,-0.244,-0.183,-0.155,0.023,-0.274,-0.121,-0.202,-0.234,-0.074,-0.006,-0.2,-0.104,-0.233,-0.11,-0.186,-0.009,-0.244,-0.231,-0.116,-0.021,-0.032,-0.045,0.035,-0.138,-0.186,-0.079,-0.098,0.001,0.012,-0.093,0.117,-0.17,-0.187,-0.241,-0.075,-0.009,-0.107,-0.073,-0.057,-0.146,-0.087,-0.154,-0.077,0.023,-0.085,-0.074,-0.033,-0.198,-0.066,-0.035
ctx-lh-7Networks_LH_SalVentAttn_FrOperIns_6,,,,,,,,,,,,,,,,,,,,,,,,,,,,,,,,,,,,,,,,,,,,,,,,,,,,,,,,,,,,,,,,,,,,,,,,,,,,,,,,-0.009,-0.001,-0.072,-0.084,0.064,0.046,-0.098,-0.046,-0.053,0.018,0.05,-0.108,-0.101,-0.089,-0.087,-0.131,-0.082,-0.09,-0.118,-0.028,-0.096,-0.037,-0.135,0.038,0.026,0.047,-0.028,-0.061,-0.078,0.056,-0.081,-0.035,0.044,-0.14,-0.036,-0.165,-0.04,-0.044,-0.152,-0.019,0.0,0.01,-0.017,-0.047,-0.093,-0.107,-0.123,-0.069,0.061,-0.059,-0.019,0.018,0.013,0.015,0.071,-0.03,-0.072,0.003,-0.056,0.009,-0.038,0.036,0.239,-0.115,-0.112,-0.099,-0.014,-0.059,-0.131,-0.062,0.012,-0.015,-0.134,0.051,0.123,0.031,0.09,0.124,0.093,0.103,0.129,0.02,0.087,0.257,0.147,0.209,0.098,0.094,0.176,0.16,0.054,0.168,0.167,0.04,-0.109,0.003,-0.091,-0.049,-0.135,-0.017,-0.035,-0.161,-0.013,0.063,0.106,-0.009,0.021,-0.141,0.08,-0.138,0.112,0.113,0.065,0.013,0.006,-0.13,0.003,-0.007,-0.19,0.046,-0.008,-0.043,0.056,0.001,0.029,-0.028,0.1,0.172,0.129,0.031,0.175,-0.004,0.06,0.178,0.094,0.103,0.094,0.029,0.179,0.077,-0.123,-0.016,-0.045,-0.079,0.011,-0.002,-0.045,-0.147,-0.039,-0.161,-0.099,-0.167,-0.086,-0.084,-0.007,-0.061,-0.012,0.03,-0.109,-0.109,-0.056,-0.075,0.016,0.02,-0.013,-0.085,-0.042,-0.194,0.049,-0.027,-0.087,-0.136,-0.041,-0.06,0.041,-0.099,-0.057,-0.003,-0.132,0.039,-0.003,-0.075,0.04,-0.102,-0.047,-0.069,-0.016,-0.047,-0.108,0.088,0.085,-0.061,-0.109,-0.004,-0.082,-0.087,-0.125,-0.065,0.01,-0.124,-0.066,-0.058,-0.176,-0.146,-0.181,-0.079,0.003,-0.117,-0.056,-0.058,-0.009,-0.083,0.016,0.067,0.048,-0.162,-0.102,-0.085,-0.098,-0.081,0.083
ctx-lh-7Networks_LH_SalVentAttn_FrOperIns_7,,,,,,,,,,,,,,,,,,,,,,,,,,,,,,,,,,,,,,,,,,,,,,,,,,,,,,,,,,,,,,,,,,,,,,,,,,,,,,,,,0.029,-0.055,0.04,0.005,-0.139,0.008,-0.028,0.091,-0.016,0.008,-0.137,-0.05,-0.075,-0.03,-0.093,-0.051,-0.086,-0.025,-0.09,0.002,0.077,-0.085,0.002,-0.091,-0.077,-0.137,-0.075,0.004,0.019,0.166,0.023,-0.107,-0.094,-0.072,-0.117,-0.02,0.022,-0.029,0.01,0.029,0.067,-0.059,0.06,-0.096,-0.121,-0.096,-0.076,-0.021,-0.041,-0.078,0.021,-0.01,-0.044,0.069,-0.047,-0.058,-0.013,-0.047,-0.007,-0.063,0.038,0.024,0.019,0.057,-0.098,-0.004,0.073,-0.013,0.103,0.097,0.084,-0.058,0.097,0.078,0.16,0.114,0.148,0.187,0.054,0.04,0.073,0.109,0.105,0.143,0.169,0.105,0.113,0.147,0.126,0.06,0.164,0.089,-0.026,-0.045,-0.047,-0.007,-0.04,-0.1,-0.038,-0.052,-0.049,0.011,-0.081,-0.073,-0.107,-0.121,-0.094,-0.038,-0.091,-0.051,0.018,-0.033,-0.167,-0.023,-0.181,-0.066,-0.04,-0.133,-0.125,0.019,-0.111,0.154,0.001,0.024,-0.13,-0.05,0.035,0.025,-0.021,0.034,-0.064,0.044,0.09,0.021,-0.009,-0.086,-0.233,-0.112,-0.098,-0.095,-0.053,0.064,0.001,0.071,-0.076,0.065,0.028,-0.057,-0.084,-0.024,-0.096,-0.047,0.073,0.03,0.001,-0.09,-0.024,0.066,-0.023,-0.094,0.056,0.019,-0.019,-0.079,-0.079,-0.075,-0.07,0.05,0.01,-0.051,-0.075,-0.056,-0.031,0.069,-0.007,-0.092,-0.015,-0.149,0.02,-0.035,-0.018,-0.037,-0.138,-0.079,0.085,-0.023,0.08,0.04,0.051,-0.049,0.028,0.024,-0.055,-0.102,0.01,-0.067,-0.083,-0.015,-0.091,0.061,-0.069,-0.073,-0.085,-0.117,-0.058,-0.05,0.032,-0.135,-0.088,0.118,-0.09,-0.076,-0.08,-0.065,-0.007,-0.079,-0.056,-0.01,0.002,0.044
ctx-lh-7Networks_LH_SalVentAttn_PFCl_1,,,,,,,,,,,,,,,,,,,,,,,,,,,,,,,,,,,,,,,,,,,,,,,,,,,,,,,,,,,,,,,,,,,,,,,,,,,,,,,,,,0.133,0.116,0.181,-0.04,-0.023,-0.034,-0.014,-0.154,-0.019,-0.058,-0.026,-0.064,-0.036,-0.084,-0.168,-0.084,-0.071,-0.041,-0.037,-0.109,-0.073,0.023,-0.093,0.049,-0.054,0.055,-0.017,0.074,-0.135,0.026,0.098,-0.117,-0.162,0.056,0.188,0.009,-0.038,0.191,0.199,-0.017,-0.018,-0.063,-0.075,-0.041,-0.039,-0.077,0.005,-0.001,0.03,0.004,0.034,-0.016,0.12,0.024,0.005,-0.034,-0.019,0.115,0.046,0.055,0.174,0.015,0.002,-0.018,-0.004,-0.072,-0.051,0.084,0.08,0.059,-0.009,0.219,0.185,0.099,0.161,0.208,0.244,0.058,0.038,0.127,0.186,0.132,0.152,0.158,0.181,0.156,0.144,0.241,0.223,0.172,0.121,0.138,0.2,0.188,0.092,0.137,0.12,0.181,0.127,0.085,0.188,0.346,0.171,0.329,0.291,0.21,0.255,0.178,0.287,0.124,0.207,0.199,0.169,0.074,0.154,0.15,0.108,0.01,0.205,0.107,0.13,-0.017,0.037,-0.109,-0.045,0.138,0.019,-0.03,0.187,0.041,-0.023,0.139,0.199,0.114,0.184,0.045,0.129,0.016,-0.09,0.092,0.164,0.012,0.006,0.072,-0.123,-0.043,-0.063,-0.022,0.026,-0.091,0.114,0.047,0.08,0.114,0.079,-0.02,-0.076,-0.172,0.016,-0.001,-0.077,-0.017,-0.175,-0.211,-0.013,0.038,-0.108,-0.193,-0.153,-0.217,-0.081,-0.128,-0.068,-0.231,-0.145,-0.199,-0.16,-0.056,-0.033,-0.081,-0.092,-0.196,-0.017,-0.12,-0.049,-0.172,-0.111,0.112,0.096,-0.057,-0.108,0.016,-0.134,-0.176,-0.078,-0.111,0.128,-0.005,-0.146,0.101,-0.148,-0.14,-0.187,-0.036,-0.094,-0.067,-0.109,-0.101,-0.016,-0.09,-0.093,-0.005,0.003,0.011,-0.048,-0.112,-0.104,-0.168,0.09
ctx-lh-7Networks_LH_SalVentAttn_Med_1,,,,,,,,,,,,,,,,,,,,,,,,,,,,,,,,,,,,,,,,,,,,,,,,,,,,,,,,,,,,,,,,,,,,,,,,,,,,,,,,,,,-0.108,0.035,-0.001,-0.048,-0.117,-0.013,-0.075,0.006,-0.005,-0.137,-0.034,-0.043,-0.151,-0.153,-0.163,-0.15,-0.102,-0.067,-0.033,-0.039,0.07,-0.013,-0.044,0.048,-0.023,-0.093,-0.006,-0.139,-0.059,0.016,-0.116,-0.126,-0.152,0.029,-0.056,-0.1,0.041,0.03,0.016,-0.087,-0.039,-0.144,-0.07,-0.149,-0.048,0.102,0.001,0.011,-0.031,0.018,0.058,0.124,-0.074,0.036,0.015,0.024,0.095,-0.013,0.145,0.241,-0.125,-0.092,-0.104,-0.078,-0.07,-0.175,-0.023,-0.008,0.056,-0.067,0.119,0.153,0.017,0.119,0.102,0.148,0.025,0.126,-0.015,0.137,0.228,0.144,0.173,0.084,0.147,0.168,0.097,0.006,0.138,0.087,0.062,-0.017,0.02,-0.094,-0.021,-0.091,-0.035,-0.032,-0.017,0.043,0.224,0.118,0.088,0.14,0.008,0.206,-0.038,0.138,0.168,0.153,0.083,0.119,0.012,0.002,0.089,-0.039,0.021,0.057,0.043,0.053,-0.039,0.048,-0.163,0.031,0.139,0.13,-0.078,0.213,0.092,0.021,0.214,0.12,0.118,0.157,0.005,0.157,0.075,-0.168,-0.023,0.047,0.007,0.043,0.103,-0.14,-0.083,-0.043,-0.088,-0.052,-0.182,0.052,-0.143,-0.075,0.013,0.017,0.049,-0.099,-0.163,-0.006,0.004,-0.058,-0.041,-0.081,-0.145,-0.05,-0.11,-0.009,-0.106,-0.188,-0.228,-0.1,-0.051,0.042,-0.113,-0.095,-0.064,-0.2,0.149,-0.0,-0.122,0.028,-0.125,-0.067,-0.094,-0.041,-0.127,-0.078,0.057,0.123,-0.119,-0.206,-0.018,-0.14,-0.199,-0.146,-0.07,-0.054,-0.169,-0.149,-0.011,-0.122,-0.159,-0.204,-0.184,-0.052,-0.103,-0.072,-0.139,-0.064,-0.137,-0.113,-0.044,0.005,-0.207,-0.123,-0.17,-0.233,-0.197,-0.033
ctx-lh-7Networks_LH_SalVentAttn_Med_2,,,,,,,,,,,,,,,,,,,,,,,,,,,,,,,,,,,,,,,,,,,,,,,,,,,,,,,,,,,,,,,,,,,,,,,,,,,,,,,,,,,,0.087,-0.117,-0.077,-0.051,0.004,0.003,-0.041,0.005,-0.103,-0.138,-0.036,-0.165,0.019,0.093,0.134,0.131,0.032,0.036,-0.001,0.137,0.094,0.1,0.037,0.189,-0.007,0.094,-0.039,-0.053,0.038,-0.122,-0.094,-0.114,0.002,-0.058,-0.02,-0.063,0.074,0.032,0.156,-0.018,0.023,-0.09,-0.075,-0.069,0.121,-0.037,-0.009,-0.037,-0.054,-0.051,0.027,-0.083,-0.049,0.006,0.08,0.053,0.115,-0.019,0.049,-0.042,-0.017,-0.039,-0.026,-0.05,0.048,0.055,0.123,0.087,0.031,-0.018,0.001,0.004,0.009,-0.063,-0.049,0.044,0.006,-0.083,0.09,0.127,0.134,0.024,-0.099,0.039,0.203,0.035,-0.072,0.132,0.274,-0.011,-0.107,0.041,-0.158,-0.066,-0.07,0.026,-0.121,-0.057,0.027,0.108,0.083,0.019,-0.047,-0.155,0.059,-0.088,0.03,0.093,-0.003,-0.014,0.009,-0.154,0.008,-0.037,-0.121,-0.13,-0.043,-0.068,0.157,0.048,0.131,0.119,0.15,0.148,0.189,0.118,0.13,0.084,0.108,0.128,0.087,0.066,0.15,0.123,0.063,0.092,-0.097,-0.127,0.066,0.055,0.064,0.03,-0.102,-0.047,-0.019,-0.069,-0.031,-0.112,-0.144,-0.127,0.114,-0.056,-0.129,-0.049,-0.021,-0.064,0.004,0.035,-0.052,-0.024,-0.002,-0.163,0.054,-0.117,0.051,0.066,0.081,-0.07,-0.025,0.059,0.058,-0.072,0.017,-0.018,-0.071,0.15,0.005,-0.014,0.048,-0.011,0.038,0.01,0.123,0.007,-0.059,0.015,-0.016,-0.024,-0.094,0.137,0.031,-0.052,-0.09,-0.081,0.058,-0.077,-0.016,-0.043,-0.134,-0.17,-0.199,-0.039,-0.035,-0.081,-0.053,-0.199,-0.085,-0.136,-0.066,0.061,-0.104,-0.004,0.029,-0.069,0.017,-0.099,0.138
ctx-lh-7Networks_LH_SalVentAttn_Med_3,,,,,,,,,,,,,,,,,,,,,,,,,,,,,,,,,,,,,,,,,,,,,,,,,,,,,,,,,,,,,,,,,,,,,,,,,,,,,,,,,,,,,-0.083,-0.115,-0.023,0.036,-0.094,-0.128,0.025,-0.145,-0.144,0.022,-0.165,0.047,0.025,0.036,0.051,-0.001,0.091,-0.08,0.168,0.046,0.075,0.066,0.107,0.097,0.095,0.034,-0.089,0.072,-0.197,-0.145,-0.05,-0.032,-0.015,-0.027,-0.032,0.019,-0.026,0.005,-0.016,-0.049,0.035,-0.078,-0.084,0.094,-0.096,0.098,-0.047,0.053,0.056,0.176,-0.097,0.003,0.048,0.051,0.114,0.028,0.05,0.086,-0.205,-0.128,-0.204,-0.053,0.03,-0.012,0.105,0.15,0.074,-0.019,-0.039,0.046,-0.136,0.017,0.003,-0.144,-0.019,0.058,-0.232,0.006,0.052,0.129,0.034,-0.188,0.08,0.177,0.01,-0.171,0.141,0.159,-0.012,-0.075,0.002,-0.12,-0.107,-0.087,0.117,-0.104,0.039,0.0,-0.003,0.003,-0.021,-0.034,-0.012,-0.004,-0.123,-0.072,0.045,-0.033,-0.051,-0.092,-0.215,-0.078,-0.08,-0.108,-0.207,-0.085,-0.127,0.034,0.017,-0.031,-0.018,0.026,0.094,0.132,0.001,0.037,0.087,0.009,0.105,-0.038,-0.047,0.104,0.032,-0.046,0.007,-0.051,-0.087,0.143,0.085,0.094,0.059,-0.063,-0.013,0.073,0.029,0.101,-0.055,0.047,-0.08,0.095,-0.032,-0.054,-0.034,-0.046,-0.168,-0.049,0.028,0.048,0.007,0.018,-0.09,0.047,-0.02,0.104,0.007,-0.024,-0.155,-0.04,0.024,0.066,-0.095,0.111,0.009,-0.079,0.247,0.07,-0.004,0.06,-0.054,0.009,0.043,0.026,0.093,-0.031,0.136,0.022,-0.011,-0.094,-0.046,-0.031,-0.067,-0.072,-0.136,0.026,-0.083,-0.052,0.006,-0.028,-0.067,-0.1,-0.123,-0.103,-0.111,-0.078,-0.221,0.02,-0.152,-0.131,0.003,-0.066,-0.211,-0.16,-0.158,-0.041,-0.072,0.059
ctx-lh-7Networks_LH_SalVentAttn_Med_4,,,,,,,,,,,,,,,,,,,,,,,,,,,,,,,,,,,,,,,,,,,,,,,,,,,,,,,,,,,,,,,,,,,,,,,,,,,,,,,,,,,,,,-0.007,-0.092,0.052,0.131,0.082,0.102,-0.077,0.031,0.056,0.017,-0.068,-0.14,-0.054,-0.071,-0.007,0.059,-0.036,-0.028,-0.065,-0.116,-0.145,-0.072,-0.034,-0.1,0.087,-0.039,-0.046,-0.082,-0.043,-0.01,-0.125,-0.095,-0.093,-0.02,-0.036,-0.108,-0.162,0.026,-0.107,-0.026,-0.035,-0.034,0.002,0.003,-0.097,-0.004,-0.052,-0.003,0.135,-0.083,-0.111,-0.095,-0.092,-0.057,-0.144,-0.002,0.119,-0.174,-0.067,-0.177,-0.05,-0.003,-0.061,0.059,-0.012,0.061,-0.055,-0.009,0.101,-0.005,0.072,0.08,-0.003,0.146,0.213,-0.111,-0.024,0.156,0.099,0.157,-0.033,0.076,0.0,0.049,-0.198,-0.051,-0.121,-0.099,-0.084,-0.062,0.02,-0.104,-0.142,-0.044,-0.082,0.014,0.012,-0.095,-0.074,-0.134,-0.058,-0.05,-0.033,-0.154,-0.063,0.014,-0.09,-0.058,-0.065,-0.141,-0.025,-0.072,-0.189,-0.121,-0.08,-0.179,0.086,-0.05,-0.043,-0.145,-0.063,-0.06,-0.1,-0.041,-0.034,-0.096,-0.157,-0.076,-0.1,-0.125,-0.056,-0.105,-0.074,-0.049,-0.101,-0.041,0.022,-0.001,0.057,-0.005,0.069,0.134,0.023,-0.015,0.051,-0.074,-0.005,-0.112,-0.065,-0.036,0.01,0.035,-0.015,-0.098,0.023,0.008,0.103,0.094,0.096,0.057,0.079,-0.014,0.116,-0.011,-0.135,-0.035,-0.015,-0.004,0.103,-0.018,-0.032,0.0,-0.188,0.089,-0.006,-0.125,-0.029,-0.154,-0.082,0.047,-0.044,0.073,0.021,0.07,0.083,-0.06,-0.126,-0.057,-0.057,-0.104,-0.033,-0.045,0.032,-0.109,-0.019,-0.027,-0.054,-0.041,-0.121,-0.011,-0.049,-0.041,-0.08,-0.151,0.162,-0.165,-0.135,-0.109,-0.03,-0.169,-0.157,-0.112,-0.084,-0.055,-0.111
ctx-lh-7Networks_LH_Limbic_OFC_1,,,,,,,,,,,,,,,,,,,,,,,,,,,,,,,,,,,,,,,,,,,,,,,,,,,,,,,,,,,,,,,,,,,,,,,,,,,,,,,,,,,,,,,0.002,-0.02,-0.09,-0.08,-0.011,0.015,-0.111,0.114,0.103,0.026,0.013,-0.033,0.041,-0.098,-0.02,-0.027,-0.041,0.023,0.012,0.061,0.058,0.001,-0.025,-0.075,-0.101,-0.019,0.028,0.063,0.042,-0.059,0.027,0.095,0.026,0.018,0.061,0.051,-0.023,0.027,0.016,-0.074,0.039,-0.046,-0.152,0.014,-0.205,-0.019,-0.024,-0.061,-0.055,-0.064,0.011,0.096,0.059,0.044,0.059,-0.041,0.024,0.033,0.044,-0.027,-0.002,-0.024,-0.06,0.014,0.059,0.108,0.064,-0.117,0.059,-0.068,0.043,0.033,-0.2,-0.125,0.061,0.049,-0.054,-0.054,-0.107,0.001,-0.133,-0.063,-0.097,0.056,-0.081,-0.054,-0.092,-0.131,-0.024,-0.136,-0.044,-0.011,-0.044,-0.079,-0.084,-0.06,-0.07,0.008,0.036,-0.005,0.035,0.034,-0.043,-0.005,-0.001,-0.078,0.02,-0.073,0.043,-0.073,0.009,-0.062,0.014,-0.021,0.007,0.015,-0.03,0.098,0.066,0.05,0.039,0.033,0.022,-0.01,-0.028,-0.012,-0.012,-0.034,-0.042,-0.089,0.018,-0.006,0.005,0.048,-0.057,-0.046,-0.023,-0.031,0.017,-0.077,-0.133,-0.021,-0.088,-0.104,-0.019,-0.06,-0.046,-0.021,-0.157,-0.037,-0.022,-0.031,-0.057,-0.147,-0.012,-0.112,0.06,-0.04,-0.03,0.058,0.016,0.003,0.009,0.089,0.178,-0.023,0.0,-0.035,0.005,-0.015,-0.031,-0.052,-0.051,-0.07,0.033,0.02,0.089,0.048,-0.022,-0.009,-0.09,-0.017,0.033,-0.008,-0.078,-0.017,0.026,0.045,0.063,-0.06,-0.004,-0.087,-0.01,-0.008,0.046,-0.028,-0.069,-0.062,-0.127,-0.14,-0.123,-0.114,-0.094,-0.107,0.011,0.026,-0.019,0.038,0.059,0.064,0.002,-0.033,0.007,0.044
ctx-lh-7Networks_LH_Limbic_OFC_2,,,,,,,,,,,,,,,,,,,,,,,,,,,,,,,,,,,,,,,,,,,,,,,,,,,,,,,,,,,,,,,,,,,,,,,,,,,,,,,,,,,,,,,,-0.08,-0.088,-0.095,0.015,-0.023,-0.097,-0.037,0.025,0.139,0.091,0.033,0.062,-0.04,0.023,0.001,-0.005,-0.032,0.034,0.029,0.028,0.017,-0.038,-0.021,-0.09,0.062,-0.014,0.078,-0.044,-0.115,0.039,0.082,0.0,-0.006,0.081,0.071,0.054,0.125,0.047,0.001,0.02,0.042,-0.012,-0.079,0.004,0.042,0.041,-0.118,0.057,0.015,0.02,0.086,0.017,0.098,0.015,-0.049,0.139,0.137,0.115,0.07,0.095,0.1,-0.1,0.047,0.036,0.097,0.064,-0.035,0.006,0.054,0.015,0.023,-0.07,-0.054,-0.005,0.026,0.004,-0.0,-0.039,-0.008,-0.055,0.071,-0.036,0.097,0.039,0.007,0.023,-0.022,-0.092,-0.049,-0.156,-0.004,0.005,-0.094,-0.092,-0.164,-0.129,-0.081,-0.088,0.048,0.024,0.041,-0.078,-0.065,-0.06,-0.05,0.022,-0.071,-0.021,-0.063,-0.064,-0.042,-0.09,-0.151,-0.045,-0.099,0.012,-0.009,0.06,0.024,-0.062,0.064,0.007,-0.054,0.001,-0.08,-0.03,-0.073,-0.106,-0.066,-0.039,-0.021,-0.035,0.052,-0.003,-0.157,-0.092,-0.067,0.04,-0.095,-0.173,-0.057,-0.142,-0.16,-0.061,-0.072,-0.103,-0.055,-0.041,-0.0,-0.016,0.034,-0.008,-0.039,-0.022,-0.117,-0.095,-0.044,-0.032,0.004,-0.018,-0.01,0.032,0.004,0.07,0.019,-0.025,-0.111,0.03,0.032,-0.035,0.045,-0.025,-0.001,-0.017,0.066,0.049,0.105,0.018,0.014,-0.13,-0.124,-0.057,0.023,0.074,0.105,0.02,0.102,0.066,-0.007,-0.006,-0.108,0.029,0.036,-0.046,-0.006,-0.054,0.003,0.045,-0.057,-0.033,-0.012,-0.001,-0.003,0.097,0.103,0.092,0.098,0.122,0.106,0.123,0.059,0.1,0.058
ctx-lh-7Networks_LH_Limbic_OFC_3,,,,,,,,,,,,,,,,,,,,,,,,,,,,,,,,,,,,,,,,,,,,,,,,,,,,,,,,,,,,,,,,,,,,,,,,,,,,,,,,,,,,,,,,,-0.185,-0.145,0.031,-0.094,-0.134,-0.032,0.034,0.036,0.059,0.017,0.046,-0.116,-0.015,-0.013,-0.001,-0.029,0.035,0.047,-0.02,-0.039,-0.04,0.038,-0.023,-0.019,-0.035,0.013,0.058,-0.06,0.045,0.027,0.029,-0.013,-0.007,0.074,-0.012,0.027,-0.024,-0.031,0.008,-0.021,-0.042,0.099,-0.149,0.015,0.01,-0.073,-0.002,0.042,0.027,0.079,0.055,-0.017,0.064,0.077,0.015,0.062,0.096,0.032,0.108,0.039,0.02,0.038,0.089,0.05,0.177,-0.064,0.022,0.048,0.049,0.012,-0.05,-0.08,0.046,0.043,0.018,0.049,0.044,0.073,0.075,0.05,0.122,0.155,0.105,0.021,0.084,0.003,-0.033,-0.081,-0.008,-0.025,0.012,-0.079,0.006,-0.07,-0.01,0.016,0.042,0.202,0.15,0.092,0.02,0.126,-0.01,-0.035,0.09,-0.085,0.042,0.025,0.002,0.0,0.024,0.012,-0.032,-0.128,-0.091,-0.049,0.024,-0.012,0.01,0.01,0.007,0.026,-0.067,0.002,-0.041,-0.032,-0.016,0.01,-0.037,0.059,0.06,0.046,0.038,-0.096,-0.006,0.0,0.168,-0.075,-0.146,0.022,0.014,-0.054,0.034,0.029,0.089,0.013,-0.1,0.08,0.063,-0.16,0.064,-0.121,-0.046,-0.167,-0.13,-0.214,-0.089,-0.135,-0.103,0.029,-0.052,0.059,-0.013,0.006,0.007,0.042,0.032,-0.025,-0.025,0.036,-0.033,-0.031,0.081,0.092,0.054,0.038,0.012,-0.008,0.009,-0.026,0.014,0.032,-0.016,0.049,-0.025,0.022,0.088,-0.096,-0.056,0.003,0.042,-0.011,-0.036,-0.047,0.045,0.068,-0.065,-0.054,-0.085,-0.018,0.022,0.021,0.12,0.05,-0.016,0.09,0.046,0.127,0.092,0.063,0.086,0.116
ctx-lh-7Networks_LH_Limbic_TempPole_1,,,,,,,,,,,,,,,,,,,,,,,,,,,,,,,,,,,,,,,,,,,,,,,,,,,,,,,,,,,,,,,,,,,,,,,,,,,,,,,,,,,,,,,,,,0.014,0.038,0.074,-0.016,0.06,0.067,-0.096,0.004,-0.115,-0.011,-0.066,-0.236,-0.209,-0.151,-0.08,-0.02,-0.013,0.032,-0.033,-0.037,-0.14,-0.131,-0.031,0.016,0.073,-0.132,-0.147,-0.065,-0.043,0.059,-0.057,-0.056,-0.035,-0.132,-0.005,-0.138,-0.144,-0.209,-0.114,-0.062,-0.104,-0.031,-0.053,-0.039,-0.136,-0.02,0.003,-0.125,-0.011,0.011,-0.006,-0.011,-0.025,-0.034,-0.054,-0.001,-0.05,-0.046,-0.018,-0.145,-0.055,-0.012,0.053,0.005,0.018,-0.053,0.03,-0.007,-0.07,-0.0,-0.009,-0.088,0.029,-0.052,-0.089,-0.129,-0.058,-0.014,-0.0,-0.118,0.074,-0.022,-0.036,0.052,-0.002,-0.025,0.108,0.175,0.09,-0.007,0.171,-0.013,0.081,0.156,0.117,0.141,0.112,0.063,0.135,0.121,0.034,0.062,0.091,0.066,0.062,0.126,0.003,0.048,0.051,0.038,0.105,0.012,0.116,0.074,-0.017,0.034,0.069,0.106,0.109,0.049,0.082,0.027,0.07,0.017,-0.007,0.061,0.06,-0.013,0.128,0.068,-0.037,0.046,0.093,0.082,0.085,0.122,-0.035,-0.044,-0.007,0.011,0.039,-0.064,-0.028,-0.041,-0.001,0.011,0.084,0.073,-0.061,-0.043,0.001,-0.161,0.131,-0.003,0.086,0.031,0.08,-0.086,-0.061,-0.063,-0.017,0.125,-0.007,-0.134,-0.162,-0.211,-0.137,-0.001,0.012,-0.087,-0.058,-0.026,0.069,0.038,0.134,-0.013,-0.032,-0.107,-0.042,-0.062,0.043,-0.108,-0.04,-0.062,0.005,-0.023,-0.119,-0.096,-0.23,-0.046,-0.102,-0.045,-0.162,-0.207,-0.073,-0.201,-0.07,-0.119,-0.022,0.059,-0.1,0.039,0.047,-0.013,-0.002,-0.087,0.034,-0.004,-0.002,0.011,0.034
ctx-lh-7Networks_LH_Limbic_TempPole_2,,,,,,,,,,,,,,,,,,,,,,,,,,,,,,,,,,,,,,,,,,,,,,,,,,,,,,,,,,,,,,,,,,,,,,,,,,,,,,,,,,,,,,,,,,,0.067,0.017,0.039,0.13,0.117,-0.159,-0.022,-0.164,-0.135,-0.079,-0.089,-0.106,-0.037,-0.054,-0.022,0.066,0.006,-0.105,-0.157,-0.137,-0.049,-0.026,0.141,0.07,-0.008,-0.132,0.053,-0.014,-0.002,-0.142,-0.131,-0.081,-0.193,-0.026,-0.086,-0.077,-0.096,-0.103,0.088,-0.091,0.055,-0.082,0.063,-0.022,-0.007,0.116,-0.033,0.091,0.044,0.019,0.028,0.007,-0.05,-0.012,-0.063,-0.019,-0.098,-0.04,-0.079,-0.142,0.052,-0.028,0.07,0.075,-0.086,0.14,-0.027,-0.051,0.106,0.19,-0.071,0.049,0.002,0.092,-0.07,-0.04,0.006,-0.017,-0.088,-0.048,-0.011,-0.097,0.021,0.083,-0.069,-0.013,0.069,0.051,-0.032,0.065,0.04,0.024,0.017,0.079,0.066,0.114,0.094,0.029,0.081,0.04,0.007,0.041,0.125,0.086,0.097,0.001,0.026,0.045,0.054,0.054,0.059,0.061,0.054,-0.048,-0.064,-0.053,-0.026,-0.106,-0.071,0.028,-0.11,0.019,-0.035,-0.073,0.035,-0.014,-0.109,0.099,-0.096,-0.087,0.013,0.041,0.035,-0.043,0.03,-0.006,-0.041,-0.082,0.017,0.005,-0.084,-0.015,-0.019,-0.076,-0.023,0.046,0.019,-0.144,-0.013,-0.01,-0.124,0.035,0.004,0.019,0.116,0.052,0.021,-0.174,-0.195,-0.085,0.143,-0.027,-0.115,-0.097,-0.136,-0.043,-0.11,-0.05,-0.117,-0.028,-0.118,0.048,-0.072,0.044,-0.15,-0.091,-0.179,-0.027,-0.017,0.047,-0.213,-0.083,-0.109,-0.069,-0.104,0.012,0.043,-0.125,-0.077,-0.129,-0.07,-0.134,-0.056,-0.089,-0.116,-0.053,-0.065,-0.034,0.074,0.044,0.034,0.103,-0.028,-0.055,-0.069,-0.07,0.018,-0.121,-0.035,-0.124
ctx-lh-7Networks_LH_Limbic_TempPole_3,,,,,,,,,,,,,,,,,,,,,,,,,,,,,,,,,,,,,,,,,,,,,,,,,,,,,,,,,,,,,,,,,,,,,,,,,,,,,,,,,,,,,,,,,,,,0.086,-0.02,0.051,0.07,-0.027,0.027,-0.109,-0.074,-0.081,-0.089,-0.131,-0.001,-0.106,-0.016,0.001,0.016,0.017,-0.086,-0.107,-0.074,-0.016,0.001,0.025,-0.117,-0.133,0.016,0.044,0.04,-0.078,-0.058,-0.039,-0.108,-0.01,-0.004,0.012,-0.067,0.008,0.034,-0.077,0.037,-0.11,0.081,0.056,0.083,0.091,-0.02,0.09,0.05,-0.019,0.044,0.019,0.022,-0.011,-0.031,-0.042,0.061,0.069,-0.001,0.055,0.069,0.029,-0.006,0.097,0.035,0.053,-0.004,-0.055,0.069,0.079,0.032,0.002,0.025,-0.002,-0.012,-0.027,-0.04,0.007,-0.091,-0.029,-0.036,-0.065,0.002,-0.032,-0.048,-0.043,0.006,0.058,-0.071,0.082,-0.07,-0.059,-0.059,0.04,0.002,-0.018,0.078,0.013,0.019,-0.095,-0.073,0.02,0.048,0.042,0.071,-0.132,-0.006,-0.013,0.022,0.029,-0.095,-0.033,-0.009,-0.003,0.021,-0.043,-0.042,-0.028,-0.065,-0.031,-0.054,-0.046,-0.031,-0.021,-0.088,-0.025,-0.098,0.08,-0.106,-0.023,-0.073,0.03,-0.036,-0.085,0.013,-0.029,-0.148,-0.052,-0.117,-0.169,-0.18,-0.023,0.034,-0.037,-0.005,0.013,-0.009,-0.0,0.027,-0.047,-0.059,0.037,0.029,0.071,0.096,0.011,-0.047,-0.115,-0.074,-0.074,0.101,0.035,-0.095,-0.024,-0.156,-0.013,-0.128,-0.046,-0.073,0.023,-0.164,0.086,0.02,0.114,0.001,-0.044,-0.004,0.007,0.095,0.057,-0.119,-0.077,-0.061,-0.017,-0.019,-0.05,-0.008,-0.183,0.001,-0.035,-0.041,-0.029,-0.046,-0.122,-0.061,-0.011,0.033,0.039,0.12,0.057,0.123,0.091,0.032,0.048,-0.022,0.023,0.006,-0.024,0.035,0.055
ctx-lh-7Networks_LH_Limbic_TempPole_4,,,,,,,,,,,,,,,,,,,,,,,,,,,,,,,,,,,,,,,,,,,,,,,,,,,,,,,,,,,,,,,,,,,,,,,,,,,,,,,,,,,,,,,,,,,,,-0.0,0.046,0.148,-0.024,-0.036,-0.152,-0.1,0.061,0.019,0.01,-0.011,0.04,0.069,0.004,0.127,-0.028,-0.032,-0.136,-0.047,0.052,0.059,0.143,-0.1,-0.058,-0.088,0.053,0.044,-0.009,-0.078,0.006,-0.15,-0.021,0.036,-0.102,-0.018,-0.156,-0.134,-0.115,-0.025,-0.101,-0.01,-0.042,0.01,0.039,-0.035,0.004,-0.014,0.078,-0.067,-0.038,0.059,-0.012,0.068,-0.031,-0.018,-0.057,-0.198,-0.051,0.103,0.164,-0.011,-0.039,0.014,-0.028,-0.098,-0.097,-0.052,0.006,-0.026,-0.079,-0.063,-0.118,-0.121,-0.018,-0.123,-0.047,-0.138,-0.032,-0.127,-0.031,-0.028,-0.064,-0.042,-0.002,0.098,-0.033,-0.057,0.072,0.015,0.056,0.046,-0.001,0.085,-0.012,0.008,0.119,0.018,-0.034,0.014,0.063,0.057,0.061,0.024,-0.019,0.051,-0.001,-0.013,0.08,0.006,0.131,0.065,-0.061,0.053,0.074,0.054,0.036,0.039,0.042,0.044,0.09,0.084,-0.07,-0.029,-0.083,-0.03,0.071,0.0,-0.031,-0.053,-0.018,-0.005,-0.03,0.018,0.024,-0.062,-0.027,-0.052,-0.055,-0.044,-0.11,-0.079,-0.106,-0.023,-0.004,-0.081,0.031,0.034,-0.023,-0.086,-0.001,0.125,0.096,0.049,0.066,0.055,-0.089,-0.026,-0.038,0.19,-0.006,-0.032,-0.189,-0.014,-0.034,0.13,0.05,-0.047,-0.05,0.061,0.002,0.067,0.024,-0.006,-0.054,-0.113,0.043,-0.049,-0.049,-0.094,-0.038,-0.036,-0.015,-0.049,0.014,0.106,-0.075,0.003,0.005,0.034,0.045,-0.046,-0.003,-0.182,-0.178,-0.063,-0.056,-0.013,-0.062,0.072,0.032,0.06,-0.061,0.019,0.059,-0.002,0.009,-0.023,0.005
ctx-lh-7Networks_LH_Limbic_TempPole_5,,,,,,,,,,,,,,,,,,,,,,,,,,,,,,,,,,,,,,,,,,,,,,,,,,,,,,,,,,,,,,,,,,,,,,,,,,,,,,,,,,,,,,,,,,,,,,0.003,0.102,0.045,0.038,-0.11,-0.069,-0.02,-0.144,-0.007,-0.068,-0.123,0.004,0.026,-0.024,-0.059,-0.037,-0.075,-0.051,0.104,0.098,0.145,-0.065,-0.129,-0.089,-0.049,-0.037,-0.135,-0.158,-0.088,-0.061,0.024,-0.028,-0.199,-0.017,-0.101,-0.109,-0.102,-0.039,0.035,0.019,-0.002,-0.04,0.063,-0.009,0.019,-0.021,0.036,0.016,-0.011,-0.092,-0.072,-0.028,-0.017,-0.043,0.002,-0.072,-0.038,-0.04,-0.051,-0.033,0.019,-0.036,-0.009,-0.036,-0.093,0.062,0.038,-0.066,-0.038,-0.03,-0.014,0.011,-0.037,0.01,-0.059,-0.025,0.01,-0.036,-0.161,-0.009,-0.119,-0.104,-0.051,-0.006,-0.085,-0.138,-0.0,-0.053,-0.093,-0.041,-0.111,0.03,0.048,0.006,-0.018,0.036,0.004,-0.069,-0.057,0.032,-0.013,0.056,0.021,0.015,-0.029,0.07,0.042,-0.011,0.014,0.005,-0.044,-0.025,-0.056,-0.112,-0.165,-0.078,-0.145,-0.068,-0.104,-0.04,-0.132,-0.1,-0.053,-0.119,0.009,-0.116,0.056,0.057,-0.095,-0.11,-0.112,0.082,-0.039,-0.126,-0.085,-0.072,-0.006,-0.028,-0.041,-0.066,-0.128,-0.083,0.083,-0.057,-0.077,-0.095,-0.068,-0.088,0.052,-0.001,-0.024,0.07,-0.095,-0.082,-0.025,-0.029,0.003,0.118,0.002,-0.139,-0.122,-0.047,-0.015,0.02,0.004,-0.035,0.062,-0.176,0.128,0.022,0.062,-0.113,-0.059,-0.03,0.026,-0.03,0.061,0.002,0.034,-0.121,0.011,0.042,-0.12,-0.005,-0.212,-0.003,0.0,0.04,0.012,0.071,0.057,-0.223,-0.127,-0.031,-0.022,0.051,0.077,0.088,0.085,-0.018,0.05,-0.069,0.018,-0.002,0.021,0.012,-0.027
ctx-lh-7Networks_LH_Limbic_TempPole_6,,,,,,,,,,,,,,,,,,,,,,,,,,,,,,,,,,,,,,,,,,,,,,,,,,,,,,,,,,,,,,,,,,,,,,,,,,,,,,,,,,,,,,,,,,,,,,,0.082,0.08,0.051,0.118,-0.007,0.103,0.015,-0.007,0.035,-0.006,0.025,0.016,0.066,0.139,-0.006,-0.004,-0.05,0.058,0.113,0.159,0.058,-0.019,-0.042,0.078,-0.009,0.003,0.002,0.031,-0.053,0.01,0.132,0.066,0.03,0.003,0.02,0.014,-0.092,0.008,0.051,-0.056,-0.031,-0.014,0.014,0.057,0.021,-0.003,-0.015,-0.023,-0.037,-0.048,-0.017,0.002,0.069,-0.02,-0.118,0.069,0.083,0.051,0.043,0.04,-0.102,0.061,-0.032,-0.048,-0.057,-0.054,-0.031,0.01,-0.187,-0.126,-0.052,-0.051,-0.111,0.029,-0.096,0.035,-0.014,0.008,0.058,0.087,-0.014,-0.123,-0.109,0.012,0.067,-0.145,-0.084,-0.151,-0.023,0.03,-0.014,-0.083,-0.048,-0.071,-0.047,-0.083,-0.025,-0.04,-0.056,0.02,-0.009,-0.129,-0.078,-0.045,-0.021,-0.024,0.008,0.088,0.083,-0.024,0.076,-0.01,-0.16,0.045,0.017,-0.079,0.015,-0.011,-0.031,-0.02,-0.039,-0.016,0.017,-0.044,0.014,0.046,-0.014,-0.157,-0.02,-0.053,0.051,0.005,-0.137,0.003,-0.054,-0.148,-0.065,-0.125,-0.129,-0.086,-0.071,-0.013,-0.074,0.102,0.042,0.02,-0.012,0.036,0.017,0.08,0.068,0.043,0.166,0.027,0.02,-0.009,0.092,0.06,0.001,-0.019,-0.055,0.082,-0.076,0.002,-0.076,-0.059,0.027,0.005,0.096,0.042,0.055,0.032,-0.016,-0.072,-0.034,-0.062,-0.013,-0.006,-0.088,-0.023,-0.004,0.116,0.149,-0.006,0.053,0.034,-0.108,0.011,0.025,-0.024,-0.009,-0.052,-0.07,-0.02,-0.063,0.045,-0.014,-0.002,0.059,0.036,-0.046,-0.049,-0.001,-0.006,0.039,-0.032
ctx-lh-7Networks_LH_Limbic_TempPole_7,,,,,,,,,,,,,,,,,,,,,,,,,,,,,,,,,,,,,,,,,,,,,,,,,,,,,,,,,,,,,,,,,,,,,,,,,,,,,,,,,,,,,,,,,,,,,,,,-0.027,-0.046,-0.119,-0.075,0.082,0.007,0.059,0.052,-0.066,0.013,-0.026,0.009,-0.045,-0.019,-0.112,-0.099,0.048,0.209,0.056,-0.123,-0.075,-0.055,0.076,0.053,-0.076,0.001,-0.015,-0.115,0.075,0.027,0.056,-0.017,0.031,0.001,-0.085,0.004,-0.069,0.103,-0.058,0.01,0.058,0.061,0.087,0.018,0.075,0.105,0.041,-0.003,0.036,0.007,-0.027,-0.056,0.019,-0.163,-0.012,-0.02,0.08,0.045,-0.029,0.048,0.009,0.022,-0.011,0.057,0.016,0.014,0.004,0.007,-0.035,-0.023,-0.008,-0.016,-0.061,-0.055,0.085,-0.029,-0.091,0.03,0.003,0.052,-0.07,-0.079,0.04,-0.051,0.006,-0.159,-0.152,0.032,-0.076,0.062,-0.016,0.044,0.036,-0.025,0.061,-0.036,0.016,0.099,0.023,-0.0,0.023,-0.015,-0.019,0.015,-0.003,0.003,0.052,0.038,-0.023,-0.038,-0.051,-0.002,0.005,-0.09,-0.109,0.011,-0.051,0.007,-0.122,-0.121,-0.085,-0.087,0.008,-0.098,-0.081,-0.088,-0.142,-0.132,-0.12,-0.054,-0.131,-0.16,-0.109,-0.103,-0.134,-0.215,-0.092,-0.18,-0.18,-0.092,-0.047,-0.008,0.092,0.086,-0.008,-0.006,0.011,0.017,0.139,0.113,0.085,-0.045,-0.133,-0.04,-0.076,0.179,-0.128,-0.012,-0.091,-0.031,0.026,-0.093,-0.125,-0.033,-0.056,-0.205,-0.007,-0.099,0.017,-0.07,-0.039,-0.073,-0.069,-0.016,-0.033,-0.12,-0.057,-0.112,-0.001,-0.097,-0.036,0.134,-0.063,-0.089,-0.008,-0.029,-0.074,-0.105,-0.16,-0.014,0.026,-0.077,-0.079,-0.005,-0.017,0.012,-0.004,-0.04,0.069,-0.057,-0.018,-0.015,-0.053,-0.033,-0.005
ctx-lh-7Networks_LH_Cont_Par_1,,,,,,,,,,,,,,,,,,,,,,,,,,,,,,,,,,,,,,,,,,,,,,,,,,,,,,,,,,,,,,,,,,,,,,,,,,,,,,,,,,,,,,,,,,,,,,,,,-0.02,-0.126,-0.081,-0.06,-0.049,0.055,-0.056,-0.085,-0.02,-0.143,-0.084,-0.07,-0.009,-0.057,0.004,-0.16,0.053,-0.009,-0.02,0.089,0.182,0.024,0.061,0.069,0.14,0.088,0.038,0.097,-0.113,0.098,0.077,0.031,0.109,-0.052,0.013,0.011,0.053,-0.29,-0.022,0.069,-0.018,-0.027,-0.05,-0.004,-0.025,-0.171,0.222,0.234,0.148,0.17,-0.036,0.112,0.028,0.074,0.13,0.052,0.131,0.094,0.055,0.065,0.071,0.153,0.003,-0.036,0.106,0.03,-0.011,0.113,0.027,0.103,0.214,0.14,0.255,0.173,0.204,0.058,0.139,-0.022,0.04,0.0,0.017,0.012,-0.047,0.022,-0.055,0.096,0.086,0.138,0.078,0.141,-0.012,0.121,0.156,0.115,0.13,0.153,0.079,0.054,0.159,0.09,0.077,0.108,0.091,0.077,0.15,0.03,-0.031,-0.002,-0.067,-0.057,0.02,-0.036,0.007,0.091,-0.047,0.034,0.096,0.023,0.106,-0.072,-0.089,0.021,-0.067,-0.018,-0.07,0.036,-0.004,-0.07,-0.11,-0.05,-0.043,-0.124,-0.048,-0.102,-0.041,-0.123,-0.001,-0.051,0.027,-0.071,-0.086,0.097,0.095,-0.032,-0.025,-0.093,-0.066,-0.079,-0.089,-0.019,-0.017,-0.076,-0.139,-0.068,-0.006,-0.073,-0.002,-0.065,-0.011,-0.052,-0.099,-0.02,-0.172,-0.168,0.096,-0.155,-0.075,-0.08,-0.176,-0.071,-0.089,-0.02,-0.286,-0.247,0.006,0.122,0.063,0.009,0.003,0.053,0.055,0.06,0.184,0.023,0.049,-0.007,-0.032,-0.001,0.125,0.053,0.018,-0.024,0.036,-0.096,0.011,-0.052,-0.015,-0.123,0.252,0.163,0.149,0.054,0.033,-0.008
ctx-lh-7Networks_LH_Cont_Par_2,,,,,,,,,,,,,,,,,,,,,,,,,,,,,,,,,,,,,,,,,,,,,,,,,,,,,,,,,,,,,,,,,,,,,,,,,,,,,,,,,,,,,,,,,,,,,,,,,,0.027,0.004,-0.116,0.122,-0.09,-0.057,-0.034,-0.12,-0.053,-0.068,0.152,-0.06,0.227,0.052,-0.211,0.033,0.023,-0.04,-0.04,0.092,-0.014,-0.082,-0.026,0.017,0.031,0.02,-0.024,-0.037,0.133,-0.027,-0.061,-0.024,-0.011,0.043,-0.063,0.054,-0.082,-0.038,-0.032,-0.031,-0.008,-0.086,-0.056,-0.061,-0.226,0.15,0.119,0.091,0.057,0.17,0.089,0.111,0.036,0.135,0.098,0.094,0.02,0.069,0.058,0.049,0.022,0.032,-0.069,0.107,0.079,-0.035,0.108,0.043,0.122,0.085,0.144,0.149,0.141,0.169,0.058,0.1,-0.024,-0.051,-0.09,-0.053,0.005,-0.051,-0.081,-0.078,-0.033,-0.132,-0.059,-0.121,-0.075,-0.143,-0.106,0.003,-0.117,-0.01,0.004,-0.175,0.007,-0.017,-0.031,-0.062,-0.024,-0.03,-0.068,-0.041,0.056,0.055,0.009,0.044,0.057,0.005,0.124,0.057,-0.024,-0.019,0.156,0.073,0.014,-0.073,-0.077,-0.073,-0.003,0.01,0.02,-0.047,-0.057,0.019,0.015,-0.044,0.072,0.067,-0.041,-0.064,-0.053,0.027,-0.073,0.143,0.035,0.011,-0.114,-0.104,0.113,0.136,-0.031,0.024,0.033,0.051,0.087,-0.009,0.033,0.032,0.051,0.06,-0.04,-0.065,0.041,0.062,0.085,0.126,0.032,0.075,0.006,-0.027,-0.023,0.119,-0.053,0.05,-0.073,0.193,-0.001,0.184,0.106,-0.018,-0.131,-0.033,0.057,0.022,-0.06,0.013,0.077,-0.006,-0.007,0.105,0.082,-0.014,0.076,0.049,0.056,0.071,0.033,0.126,0.012,0.057,0.01,0.04,-0.025,-0.029,-0.047,0.111,0.078,0.073,0.064,0.117,-0.022
ctx-lh-7Networks_LH_Cont_Par_3,,,,,,,,,,,,,,,,,,,,,,,,,,,,,,,,,,,,,,,,,,,,,,,,,,,,,,,,,,,,,,,,,,,,,,,,,,,,,,,,,,,,,,,,,,,,,,,,,,,0.06,-0.011,0.08,0.006,0.036,-0.008,-0.002,-0.023,0.013,-0.027,-0.043,0.033,0.078,-0.154,0.057,-0.04,0.047,0.173,0.153,0.046,0.089,0.167,0.11,0.102,0.065,0.005,-0.065,0.059,0.053,0.059,0.06,0.068,-0.023,0.045,0.095,-0.199,-0.04,0.024,-0.003,0.068,0.037,0.077,0.089,-0.102,0.13,0.15,0.073,0.051,-0.008,0.107,0.184,0.017,0.178,0.061,0.159,0.101,0.055,0.181,0.137,0.095,-0.016,-0.046,0.068,0.21,-0.056,0.209,0.036,0.126,0.214,0.261,0.204,0.24,0.296,0.181,0.117,0.049,0.135,-0.073,-0.017,0.132,0.176,-0.012,-0.046,0.002,-0.016,0.073,0.022,0.027,-0.113,-0.071,0.058,0.122,0.084,0.054,-0.074,0.074,0.122,0.105,-0.016,-0.017,0.08,-0.025,0.077,0.065,0.056,0.103,-0.026,0.024,0.106,0.138,0.048,0.048,-0.046,0.137,0.101,0.031,-0.025,0.037,-0.031,0.049,0.074,0.085,-0.015,0.005,0.067,-0.019,-0.008,-0.068,-0.022,-0.031,-0.078,-0.083,-0.011,-0.092,0.113,0.065,0.039,-0.081,-0.065,0.099,0.045,-0.029,0.028,-0.165,-0.163,-0.116,-0.142,-0.082,-0.051,0.013,-0.046,-0.018,-0.023,-0.006,0.022,-0.041,0.058,0.004,-0.03,0.075,-0.033,-0.026,0.156,-0.092,-0.04,-0.025,-0.06,-0.083,0.0,0.151,-0.114,-0.146,0.038,0.066,0.074,-0.056,-0.047,-0.024,-0.033,0.068,0.144,0.091,0.156,0.065,0.045,0.01,0.011,0.005,0.022,0.006,0.017,-0.033,0.037,-0.001,-0.025,-0.072,0.134,0.086,0.026,0.051,-0.01,0.076
ctx-lh-7Networks_LH_Cont_Par_4,,,,,,,,,,,,,,,,,,,,,,,,,,,,,,,,,,,,,,,,,,,,,,,,,,,,,,,,,,,,,,,,,,,,,,,,,,,,,,,,,,,,,,,,,,,,,,,,,,,,-0.036,0.079,-0.105,-0.063,-0.1,-0.121,-0.093,-0.04,0.145,0.036,0.216,0.018,-0.203,-0.042,-0.044,-0.164,-0.041,0.011,-0.054,-0.042,-0.054,0.038,0.05,-0.013,-0.033,-0.119,0.073,-0.062,0.022,0.021,-0.01,-0.033,-0.038,0.001,-0.035,-0.113,-0.069,-0.019,0.019,-0.031,-0.022,0.044,-0.042,0.136,0.2,0.125,0.051,0.181,0.144,0.191,0.072,0.134,0.024,0.045,-0.016,-0.017,0.144,0.035,0.046,-0.052,-0.007,0.05,0.094,0.059,0.14,0.119,0.078,0.131,0.173,0.127,0.128,0.155,0.086,0.046,0.037,-0.094,-0.086,-0.015,0.004,0.015,-0.039,0.012,0.066,-0.018,-0.039,-0.039,-0.025,-0.048,-0.038,-0.009,0.076,0.08,0.048,-0.06,0.033,0.047,0.068,0.004,-0.001,-0.071,0.045,0.038,0.093,-0.037,0.074,-0.037,-0.009,0.048,0.111,0.028,0.034,-0.036,0.125,0.072,0.097,-0.029,0.043,-0.097,-0.03,0.005,-0.056,-0.089,0.021,0.049,-0.011,-0.112,0.013,0.06,-0.033,-0.023,-0.08,-0.105,-0.09,0.073,0.077,0.079,-0.079,-0.021,0.121,0.074,-0.044,0.004,-0.041,0.001,0.034,-0.089,0.013,-0.083,-0.045,0.017,-0.059,-0.024,-0.044,-0.019,0.01,-0.052,-0.072,-0.042,-0.08,-0.04,-0.125,0.031,-0.057,-0.097,-0.006,0.181,0.027,0.121,0.042,-0.058,-0.198,-0.125,-0.028,0.009,-0.062,-0.065,-0.061,-0.052,-0.098,-0.034,-0.045,-0.071,-0.075,-0.11,-0.162,0.022,-0.071,0.036,-0.097,-0.121,0.006,-0.088,-0.135,-0.071,-0.07,0.097,0.051,0.053,0.079,0.034,0.063
ctx-lh-7Networks_LH_Cont_Temp_1,,,,,,,,,,,,,,,,,,,,,,,,,,,,,,,,,,,,,,,,,,,,,,,,,,,,,,,,,,,,,,,,,,,,,,,,,,,,,,,,,,,,,,,,,,,,,,,,,,,,,-0.02,-0.154,-0.04,-0.025,-0.079,-0.059,-0.034,0.111,-0.106,0.058,-0.035,-0.172,0.007,-0.021,-0.042,-0.058,0.021,0.028,-0.118,0.041,0.037,-0.031,-0.011,-0.087,-0.065,0.06,-0.071,-0.114,-0.031,0.032,-0.061,-0.021,0.012,-0.116,-0.086,-0.011,-0.046,-0.049,-0.015,0.058,-0.048,-0.072,0.082,0.031,0.07,-0.037,0.094,0.026,0.025,0.013,0.13,0.068,0.123,0.103,0.031,0.104,0.14,0.164,0.059,0.091,0.126,0.068,0.012,0.003,0.017,0.117,-0.064,-0.016,-0.042,0.07,0.01,-0.003,-0.008,0.021,-0.029,-0.071,-0.043,-0.025,-0.047,-0.063,-0.019,-0.004,-0.147,-0.055,-0.057,0.029,0.006,-0.041,-0.003,-0.056,-0.014,0.053,-0.08,0.08,0.058,0.001,-0.085,0.046,-0.003,-0.008,0.121,0.016,0.039,0.029,-0.118,-0.047,0.025,-0.014,0.067,-0.066,-0.02,0.06,0.03,-0.007,-0.012,-0.014,-0.09,-0.024,-0.022,-0.032,0.009,0.018,0.106,0.037,-0.011,0.092,0.064,-0.055,-0.022,-0.077,-0.0,-0.058,0.087,0.003,-0.041,0.063,-0.018,-0.073,-0.028,-0.125,-0.037,-0.082,-0.044,-0.001,-0.021,-0.036,0.095,0.054,-0.039,-0.066,-0.029,0.043,-0.138,-0.085,-0.088,-0.09,0.0,-0.065,-0.071,-0.038,-0.024,-0.115,-0.035,0.013,0.08,-0.029,0.051,0.018,-0.101,-0.046,0.024,-0.027,-0.096,-0.076,-0.06,0.075,-0.006,0.012,0.084,0.023,-0.016,-0.066,0.005,0.02,0.01,-0.049,0.038,0.046,0.014,0.035,-0.023,0.021,-0.085,-0.05,0.07,0.069,0.018,-0.0,0.0,-0.022
ctx-lh-7Networks_LH_Cont_OFC_1,,,,,,,,,,,,,,,,,,,,,,,,,,,,,,,,,,,,,,,,,,,,,,,,,,,,,,,,,,,,,,,,,,,,,,,,,,,,,,,,,,,,,,,,,,,,,,,,,,,,,,-0.015,-0.042,0.035,0.077,0.009,0.023,0.075,0.05,-0.043,0.013,-0.048,-0.057,0.031,0.01,0.021,-0.06,-0.083,0.001,-0.053,0.132,0.138,-0.006,0.069,-0.045,0.07,0.02,-0.039,0.0,-0.015,-0.069,0.067,0.017,-0.105,-0.025,0.02,0.055,0.054,-0.031,0.067,-0.006,-0.013,0.168,0.138,0.145,0.075,0.074,0.145,-0.007,0.113,0.095,0.077,0.143,-0.008,-0.025,-0.055,0.125,0.154,-0.05,-0.115,0.205,-0.01,-0.047,-0.059,0.064,0.224,0.02,-0.046,0.136,0.21,0.068,-0.058,0.105,0.049,0.059,-0.061,0.006,0.044,-0.023,0.003,0.001,0.059,0.004,0.072,0.02,0.06,0.069,0.098,0.104,0.17,0.155,0.057,0.093,0.005,0.169,0.067,0.179,0.044,0.087,0.141,0.16,-0.014,-0.111,-0.035,0.095,0.099,0.134,-0.017,0.057,0.055,0.04,0.134,0.09,0.07,0.091,0.014,0.019,0.169,-0.056,-0.09,-0.002,0.054,0.05,0.057,-0.028,-0.023,-0.01,-0.053,-0.035,-0.038,-0.027,-0.03,0.061,0.01,-0.053,0.051,-0.012,-0.056,0.062,-0.054,0.001,-0.215,0.011,-0.17,-0.081,-0.077,-0.019,-0.002,0.021,0.165,0.091,0.023,0.026,0.002,0.075,-0.053,0.03,0.019,-0.141,-0.081,0.022,0.059,0.048,0.121,0.025,0.168,-0.106,-0.038,-0.002,-0.025,-0.003,0.119,0.123,0.182,0.064,-0.068,0.027,0.087,-0.004,-0.022,-0.073,0.012,-0.015,-0.099,0.057,-0.055,-0.023,-0.036,0.05,0.051,0.045,0.029,0.041,-0.021,0.222,0.112,0.153,0.13,0.096,0.076
ctx-lh-7Networks_LH_Cont_PFCl_1,,,,,,,,,,,,,,,,,,,,,,,,,,,,,,,,,,,,,,,,,,,,,,,,,,,,,,,,,,,,,,,,,,,,,,,,,,,,,,,,,,,,,,,,,,,,,,,,,,,,,,,-0.026,-0.094,-0.053,-0.036,-0.086,-0.02,-0.121,0.082,0.102,-0.114,0.098,-0.03,0.101,0.116,0.163,0.023,0.002,-0.012,0.151,0.034,0.115,0.054,0.07,0.162,0.087,0.042,0.144,0.069,0.191,0.015,0.086,-0.058,0.077,0.054,0.077,0.004,-0.142,-0.015,0.005,-0.077,0.211,0.219,0.148,0.18,0.056,0.119,0.103,0.091,0.006,-0.049,0.011,-0.016,0.006,0.01,0.075,0.058,-0.039,-0.116,0.168,-0.09,-0.047,0.061,0.057,0.112,0.086,0.014,0.074,0.149,0.042,-0.08,0.035,-0.043,0.033,0.03,0.056,-0.057,-0.043,0.007,-0.048,-0.013,-0.044,-0.053,0.015,0.002,0.008,-0.027,0.122,0.054,-0.028,0.007,0.015,-0.038,0.062,0.025,0.091,0.082,0.062,0.026,0.092,-0.029,-0.088,-0.019,-0.114,-0.075,-0.003,-0.184,-0.027,-0.042,-0.198,0.075,-0.062,-0.091,-0.076,-0.111,-0.105,-0.073,-0.107,0.002,-0.092,-0.037,-0.065,-0.071,-0.066,0.072,-0.022,-0.108,-0.085,-0.069,-0.029,-0.033,0.134,-0.083,-0.062,-0.006,-0.054,-0.032,0.091,-0.036,0.003,-0.179,-0.044,-0.179,-0.095,-0.144,0.016,-0.032,-0.044,-0.025,-0.026,0.102,0.006,0.035,0.075,0.027,-0.015,-0.011,-0.107,0.042,0.017,0.029,0.024,-0.065,-0.025,-0.085,0.041,0.015,-0.009,-0.12,0.136,0.238,-0.004,0.053,0.124,0.077,0.109,0.145,0.154,0.117,0.078,0.071,0.102,0.041,0.212,-0.003,0.255,0.011,0.194,0.126,0.142,0.057,-0.014,-0.002,0.179,0.141,0.199,0.091,0.127,-0.046
ctx-lh-7Networks_LH_Cont_PFCl_2,,,,,,,,,,,,,,,,,,,,,,,,,,,,,,,,,,,,,,,,,,,,,,,,,,,,,,,,,,,,,,,,,,,,,,,,,,,,,,,,,,,,,,,,,,,,,,,,,,,,,,,,-0.1,-0.069,-0.096,-0.006,0.146,0.052,0.057,0.001,0.02,-0.031,-0.125,0.112,0.103,0.146,-0.008,0.081,0.102,0.032,0.024,0.095,-0.037,0.058,-0.005,-0.037,-0.014,0.019,0.039,0.086,-0.034,0.001,-0.001,0.026,-0.079,-0.049,0.018,-0.011,-0.057,0.016,0.01,0.175,0.002,0.139,0.071,0.187,-0.052,0.17,0.113,0.027,0.043,0.134,0.143,0.135,0.035,0.191,0.153,-0.063,-0.114,0.138,-0.007,-0.013,0.041,0.057,0.15,0.109,0.004,0.14,0.21,0.071,0.021,0.07,0.089,0.018,-0.03,0.005,0.023,0.029,0.069,-0.029,-0.009,0.069,0.078,0.087,0.073,0.107,0.098,0.124,0.065,0.051,0.09,0.024,0.027,0.012,0.053,0.051,0.072,0.017,-0.031,0.037,-0.035,-0.068,-0.014,-0.07,-0.039,0.087,-0.073,0.025,0.107,-0.054,0.035,-0.019,0.127,-0.011,0.057,0.056,-0.053,-0.038,-0.034,-0.022,0.053,0.013,0.024,-0.031,-0.02,-0.013,0.069,0.028,-0.043,-0.035,0.077,0.132,0.075,0.124,0.034,-0.012,-0.056,0.024,-0.112,0.024,-0.063,-0.016,-0.182,-0.112,-0.063,0.069,-0.018,-0.1,-0.027,-0.204,0.169,-0.078,0.037,0.015,0.037,-0.123,-0.052,-0.006,0.101,0.039,-0.024,-0.014,-0.103,0.121,0.103,0.069,-0.077,0.064,-0.058,0.032,0.015,-0.028,-0.079,-0.039,0.039,-0.06,0.099,0.161,0.011,0.005,0.017,0.015,-0.039,0.023,-0.074,0.097,-0.001,0.045,0.064,0.003,0.028,-0.051,0.004,0.163,0.127,0.062,-0.044,0.068,0.081
ctx-lh-7Networks_LH_Cont_PFCl_3,,,,,,,,,,,,,,,,,,,,,,,,,,,,,,,,,,,,,,,,,,,,,,,,,,,,,,,,,,,,,,,,,,,,,,,,,,,,,,,,,,,,,,,,,,,,,,,,,,,,,,,,,-0.08,-0.125,-0.047,0.103,0.027,0.089,0.063,-0.139,-0.035,-0.063,-0.025,0.084,0.024,-0.036,-0.041,-0.044,0.105,0.047,-0.021,0.001,-0.135,0.048,-0.067,0.024,0.002,-0.023,0.027,-0.07,-0.047,-0.023,-0.064,-0.09,-0.01,-0.018,-0.027,0.048,-0.023,-0.021,0.235,0.21,0.15,0.082,0.179,0.076,0.087,0.095,0.048,-0.012,0.094,0.019,0.095,0.098,0.128,0.148,0.011,-0.074,0.25,0.112,0.075,0.011,0.126,0.202,0.053,0.111,0.1,0.19,0.075,0.123,0.044,0.054,-0.002,-0.009,0.067,-0.018,-0.065,-0.025,-0.005,0.103,0.035,0.038,0.102,0.024,0.046,0.062,0.092,0.114,0.051,0.111,-0.035,0.129,0.082,0.036,0.102,0.078,0.05,0.08,0.112,0.135,0.064,-0.01,-0.025,-0.002,0.169,0.04,0.028,0.139,-0.061,0.119,0.071,0.089,-0.001,0.023,-0.035,0.041,-0.054,-0.17,-0.109,0.066,0.059,0.043,-0.086,0.022,0.091,-0.077,-0.05,-0.015,-0.142,0.007,0.1,0.041,0.048,-0.033,-0.022,0.057,-0.054,-0.128,-0.037,-0.067,-0.062,-0.139,-0.164,-0.035,0.042,-0.054,-0.031,-0.068,-0.106,-0.033,-0.062,-0.016,-0.069,-0.158,0.006,-0.129,-0.097,-0.089,-0.009,-0.069,-0.093,-0.012,0.153,0.058,0.019,-0.027,0.019,-0.171,-0.029,0.006,0.102,0.019,-0.064,-0.147,-0.07,0.082,-0.094,-0.055,-0.096,-0.099,-0.164,-0.281,0.034,-0.082,0.124,-0.204,-0.096,0.044,-0.052,-0.141,-0.001,-0.121,0.22,0.135,0.094,-0.011,0.016,0.073
ctx-lh-7Networks_LH_Cont_PFCl_4,,,,,,,,,,,,,,,,,,,,,,,,,,,,,,,,,,,,,,,,,,,,,,,,,,,,,,,,,,,,,,,,,,,,,,,,,,,,,,,,,,,,,,,,,,,,,,,,,,,,,,,,,,0.025,-0.059,0.119,-0.123,0.232,0.149,-0.148,0.007,-0.045,0.003,0.089,0.055,-0.03,0.043,-0.06,0.071,-0.06,0.09,-0.028,-0.057,-0.024,-0.081,0.04,0.028,-0.038,0.026,-0.037,0.067,0.011,0.035,0.014,0.077,0.029,-0.054,-0.085,-0.017,-0.153,0.095,0.085,0.014,0.069,0.193,0.072,0.138,0.097,0.074,0.005,0.019,-0.057,0.207,-0.002,0.043,0.072,-0.061,-0.172,0.112,-0.029,-0.076,-0.014,0.052,0.093,0.02,0.035,0.022,0.045,0.012,-0.016,0.009,-0.124,-0.046,-0.031,-0.078,-0.125,-0.084,-0.112,-0.033,-0.029,-0.106,-0.04,-0.051,-0.169,-0.011,0.002,-0.05,-0.119,-0.06,-0.046,-0.213,-0.049,-0.065,-0.042,-0.012,-0.027,-0.091,-0.076,-0.088,0.023,-0.005,-0.073,-0.151,-0.07,-0.031,-0.087,-0.046,-0.041,-0.102,-0.019,-0.012,-0.044,-0.077,-0.145,-0.134,-0.082,-0.086,-0.02,-0.018,-0.055,-0.025,0.061,-0.062,0.021,0.064,-0.079,-0.035,0.03,0.007,0.054,0.159,0.027,-0.047,-0.021,-0.009,0.064,0.027,-0.051,0.054,-0.006,0.059,-0.025,-0.058,-0.065,-0.034,0.101,0.008,-0.091,-0.132,-0.079,-0.02,0.058,0.073,-0.07,0.02,-0.095,-0.066,0.112,0.007,0.005,0.006,-0.121,0.179,-0.086,0.207,0.024,0.028,-0.123,0.09,0.021,-0.089,-0.079,0.054,0.003,-0.092,0.024,0.032,0.052,-0.075,0.049,-0.025,0.032,-0.081,0.002,0.179,0.006,0.081,0.017,0.092,-0.075,-0.04,-0.018,0.053,0.0,0.078,0.045,0.101,0.04
ctx-lh-7Networks_LH_Cont_PFCl_5,,,,,,,,,,,,,,,,,,,,,,,,,,,,,,,,,,,,,,,,,,,,,,,,,,,,,,,,,,,,,,,,,,,,,,,,,,,,,,,,,,,,,,,,,,,,,,,,,,,,,,,,,,,0.004,0.072,-0.002,0.107,0.009,-0.035,-0.018,-0.111,-0.01,0.106,0.09,-0.073,0.04,0.063,0.071,-0.002,-0.04,-0.06,-0.091,0.002,-0.033,0.016,-0.004,-0.018,0.01,-0.0,0.023,-0.022,-0.038,0.033,0.049,0.024,0.001,0.015,0.038,0.006,0.095,0.108,0.064,0.096,0.094,0.072,0.151,0.105,0.001,0.06,0.086,0.05,0.097,0.118,0.043,0.075,-0.028,-0.002,0.087,0.023,0.048,0.048,0.063,0.059,0.132,0.074,0.106,0.133,0.077,0.085,0.03,0.029,0.053,0.014,0.022,0.033,0.041,0.034,0.026,0.11,0.112,0.11,0.129,0.108,0.004,0.118,0.149,0.046,0.046,0.143,-0.021,0.095,0.112,0.043,0.064,0.095,-0.028,0.059,0.116,0.068,-0.08,0.035,-0.048,-0.068,0.019,-0.009,-0.073,0.048,-0.024,0.076,0.074,0.068,0.045,0.055,-0.06,-0.02,-0.023,-0.075,-0.114,0.03,-0.013,-0.038,-0.027,-0.017,-0.018,-0.034,-0.06,-0.006,-0.082,0.05,0.043,0.007,0.062,-0.059,-0.052,0.102,0.094,-0.026,0.046,0.037,-0.023,-0.097,0.005,-0.027,-0.053,-0.045,-0.052,-0.055,-0.087,0.003,-0.007,0.067,-0.066,-0.154,-0.081,-0.01,-0.078,-0.113,0.037,-0.003,-0.117,-0.024,0.098,0.022,0.041,0.034,0.017,-0.025,-0.025,-0.005,-0.021,-0.052,-0.047,-0.024,-0.004,0.1,0.067,-0.019,0.041,-0.016,-0.094,-0.14,0.053,-0.026,0.011,-0.054,-0.041,-0.017,-0.028,-0.112,-0.022,-0.043,0.109,0.052,0.084,0.007,0.025,0.007
ctx-lh-7Networks_LH_Cont_PFCl_6,,,,,,,,,,,,,,,,,,,,,,,,,,,,,,,,,,,,,,,,,,,,,,,,,,,,,,,,,,,,,,,,,,,,,,,,,,,,,,,,,,,,,,,,,,,,,,,,,,,,,,,,,,,,0.11,-0.05,0.203,0.155,-0.109,-0.019,-0.068,-0.082,-0.02,-0.001,-0.082,-0.062,-0.083,0.054,0.095,0.017,-0.051,-0.023,-0.021,-0.03,-0.034,0.034,-0.057,0.042,-0.06,0.094,-0.005,0.004,-0.02,0.078,-0.046,-0.011,-0.032,-0.06,-0.165,0.085,0.104,0.05,0.037,0.207,0.019,0.092,0.013,0.023,0.084,0.005,-0.015,0.106,0.04,0.032,0.038,-0.091,-0.117,0.047,0.034,-0.049,0.055,0.005,0.005,0.035,0.074,0.075,0.027,0.073,0.039,0.068,-0.075,-0.075,0.006,-0.042,-0.114,-0.094,-0.115,-0.062,0.007,-0.156,-0.013,-0.044,-0.162,-0.103,0.02,-0.051,-0.078,-0.044,0.027,-0.171,-0.093,-0.032,0.001,-0.007,-0.021,-0.092,-0.083,-0.01,0.087,-0.051,0.014,-0.088,-0.049,0.01,-0.042,0.061,0.035,-0.021,0.048,-0.015,0.009,-0.064,-0.074,-0.071,-0.104,-0.102,-0.125,-0.021,-0.004,-0.021,0.064,-0.033,0.032,0.079,0.032,-0.054,0.006,-0.024,0.041,0.143,0.092,0.073,-0.125,-0.008,0.072,0.076,-0.097,-0.017,0.052,0.034,0.023,-0.04,-0.021,0.032,0.045,-0.007,-0.042,-0.156,-0.009,-0.061,-0.001,0.023,0.025,0.037,-0.004,-0.015,0.027,0.05,-0.056,-0.092,-0.08,0.15,-0.026,0.156,0.154,-0.016,-0.025,0.003,-0.026,0.013,-0.054,-0.037,0.029,-0.034,-0.022,0.097,-0.023,-0.013,0.01,-0.006,-0.003,0.005,-0.05,0.189,-0.066,0.029,0.114,-0.021,-0.013,-0.032,0.028,0.024,0.049,0.034,0.006,0.021,0.054
ctx-lh-7Networks_LH_Cont_pCun_1,,,,,,,,,,,,,,,,,,,,,,,,,,,,,,,,,,,,,,,,,,,,,,,,,,,,,,,,,,,,,,,,,,,,,,,,,,,,,,,,,,,,,,,,,,,,,,,,,,,,,,,,,,,,,0.123,-0.054,-0.067,0.075,-0.025,0.033,0.007,0.084,0.045,-0.02,0.022,0.034,0.115,0.211,-0.119,0.021,-0.073,0.142,-0.103,-0.005,-0.024,0.013,-0.019,-0.017,0.064,-0.109,-0.064,0.012,0.07,0.043,0.075,0.21,0.101,0.02,0.166,0.064,0.089,-0.002,-0.055,0.038,-0.048,0.018,0.153,0.175,-0.01,0.001,0.052,0.064,-0.096,-0.068,0.007,-0.034,-0.024,0.205,-0.038,0.083,-0.072,-0.069,-0.023,0.18,-0.049,0.028,0.098,0.224,0.122,0.159,0.115,-0.08,-0.043,0.099,0.13,-0.09,-0.017,0.052,0.111,0.073,0.086,0.075,0.012,0.074,0.044,0.009,0.165,0.084,0.034,0.027,0.05,0.036,0.048,-0.011,0.043,0.002,0.041,0.117,0.011,0.172,0.18,0.05,0.142,0.27,0.021,0.161,0.052,0.083,0.081,0.087,0.015,0.073,0.093,0.089,0.043,0.002,-0.102,0.034,0.006,-0.009,-0.064,-0.166,-0.097,-0.044,-0.055,-0.132,-0.14,-0.063,-0.097,-0.014,-0.005,-0.049,-0.148,0.052,-0.02,0.054,0.054,-0.009,-0.047,-0.009,-0.068,0.116,0.093,-0.09,-0.015,-0.007,0.062,0.066,0.047,-0.014,-0.005,0.072,-0.0,0.045,0.064,-0.078,0.139,-0.077,-0.02,0.198,-0.019,0.123,-0.074,-0.027,-0.062,-0.047,-0.066,-0.016,0.183,-0.004,-0.076,-0.075,-0.031,0.044,0.037,0.014,-0.007,-0.099,-0.131,-0.212,0.105,-0.036,-0.008,0.046,-0.067,-0.156,-0.039,-0.057,0.16,-0.073,0.153,0.173,0.017,-0.003,-0.063,0.097
ctx-lh-7Networks_LH_Cont_pCun_2,,,,,,,,,,,,,,,,,,,,,,,,,,,,,,,,,,,,,,,,,,,,,,,,,,,,,,,,,,,,,,,,,,,,,,,,,,,,,,,,,,,,,,,,,,,,,,,,,,,,,,,,,,,,,,0.144,0.0,-0.017,-0.105,-0.124,-0.071,-0.099,0.019,-0.038,-0.086,0.023,-0.036,0.018,-0.028,-0.076,0.102,0.047,-0.062,-0.077,-0.029,0.079,0.031,0.04,0.011,0.123,-0.059,-0.063,-0.046,-0.023,-0.023,-0.049,0.039,0.01,0.039,-0.007,-0.057,-0.023,0.118,0.015,0.098,0.046,0.094,0.031,-0.003,0.046,-0.047,0.144,-0.056,-0.028,-0.013,0.084,-0.012,0.124,0.009,0.138,-0.004,-0.033,0.075,0.156,0.05,0.023,0.118,0.106,0.119,-0.021,-0.081,-0.053,-0.078,0.006,0.044,-0.062,-0.011,-0.03,-0.06,-0.029,-0.138,0.043,-0.111,-0.18,-0.054,-0.043,0.101,-0.082,-0.158,0.024,-0.078,0.089,-0.144,-0.121,-0.165,-0.075,-0.068,0.063,-0.033,0.064,-0.077,-0.015,0.097,0.157,0.019,-0.027,0.02,-0.024,0.039,-0.017,-0.01,0.061,-0.112,-0.054,0.055,0.051,-0.082,0.062,0.066,0.048,-0.058,0.042,0.05,0.112,0.02,-0.011,-0.025,-0.002,-0.001,0.105,0.009,-0.094,-0.036,0.005,0.002,-0.024,0.012,0.013,0.032,0.02,-0.072,0.025,0.071,0.009,0.037,-0.047,-0.08,0.115,-0.023,-0.029,-0.093,-0.005,0.034,-0.022,0.121,-0.016,0.021,-0.036,-0.121,-0.06,0.112,0.034,0.123,0.051,0.119,-0.01,-0.05,-0.087,0.024,-0.048,-0.093,-0.009,-0.123,-0.083,0.032,-0.05,0.004,0.025,-0.032,-0.002,0.035,-0.103,0.058,0.008,-0.08,0.078,-0.079,-0.112,-0.082,-0.092,0.034,-0.003,-0.051,-0.035,-0.051,-0.045
ctx-lh-7Networks_LH_Cont_Cing_1,,,,,,,,,,,,,,,,,,,,,,,,,,,,,,,,,,,,,,,,,,,,,,,,,,,,,,,,,,,,,,,,,,,,,,,,,,,,,,,,,,,,,,,,,,,,,,,,,,,,,,,,,,,,,,,-0.054,-0.027,-0.052,-0.04,0.127,0.257,0.119,0.047,0.22,0.144,0.103,0.132,-0.022,0.036,-0.131,-0.005,0.006,0.081,-0.061,-0.024,-0.127,0.002,0.021,-0.317,-0.079,0.094,0.053,0.13,0.068,0.113,0.004,0.009,0.201,0.04,0.151,0.034,-0.079,0.031,-0.074,0.015,0.115,0.101,0.164,0.064,0.101,0.076,0.124,0.221,-0.07,-0.1,0.224,0.191,-0.021,0.128,0.023,0.165,0.103,0.232,0.172,0.245,0.216,0.289,0.232,0.11,0.271,-0.116,0.07,0.038,0.125,0.035,-0.11,0.031,0.242,0.18,0.176,0.205,-0.023,0.198,0.061,0.191,0.169,0.194,0.174,0.128,0.243,0.049,0.093,0.153,0.189,0.129,0.209,0.02,0.07,0.088,0.236,0.146,0.201,0.291,0.141,0.192,0.105,0.191,0.204,0.066,0.077,0.089,0.173,0.189,0.141,-0.035,-0.125,-0.091,-0.096,-0.191,-0.01,-0.18,-0.219,-0.147,-0.24,-0.196,-0.071,-0.178,-0.017,-0.046,-0.058,-0.13,-0.118,-0.091,-0.064,-0.105,-0.007,-0.148,-0.091,-0.107,-0.168,-0.087,0.038,-0.18,-0.013,0.179,-0.013,-0.004,0.034,-0.048,0.054,0.014,-0.042,0.087,-0.019,-0.112,0.163,-0.018,0.058,0.243,-0.112,0.094,-0.193,-0.024,-0.287,-0.157,-0.057,0.0,0.181,0.085,-0.095,-0.132,-0.019,0.06,0.122,0.026,0.106,-0.05,-0.149,-0.036,-0.004,-0.085,-0.186,0.041,-0.105,-0.23,0.042,-0.042,0.204,-0.042,0.188,0.227,0.024,-0.004,-0.021,0.19
ctx-lh-7Networks_LH_Cont_Cing_2,,,,,,,,,,,,,,,,,,,,,,,,,,,,,,,,,,,,,,,,,,,,,,,,,,,,,,,,,,,,,,,,,,,,,,,,,,,,,,,,,,,,,,,,,,,,,,,,,,,,,,,,,,,,,,,,0.083,-0.021,-0.065,-0.093,0.186,0.011,-0.001,0.05,0.029,0.039,0.073,-0.006,0.074,-0.078,-0.082,0.005,0.041,-0.041,-0.011,0.038,0.086,0.05,-0.042,-0.031,0.025,0.118,0.043,0.107,0.078,0.055,0.047,0.082,0.088,0.062,0.046,-0.048,0.058,-0.055,-0.025,0.042,-0.031,-0.021,0.059,0.092,0.087,0.05,0.134,-0.085,-0.075,0.092,0.159,0.052,0.143,0.031,0.03,0.15,0.166,0.136,0.117,0.141,0.113,0.114,-0.098,0.086,-0.061,-0.023,-0.09,-0.023,-0.071,-0.072,-0.067,0.127,0.077,0.158,0.03,0.055,-0.033,-0.011,0.076,0.01,0.06,-0.032,-0.011,0.038,0.07,-0.001,0.057,0.064,-0.093,0.043,0.012,-0.047,-0.003,0.03,0.039,0.13,0.083,-0.011,0.071,0.029,0.067,0.005,-0.103,-0.02,0.051,-0.017,-0.027,0.072,-0.094,-0.05,-0.024,-0.098,-0.051,0.079,-0.065,-0.081,-0.036,-0.094,-0.079,-0.007,-0.033,-0.04,-0.07,-0.101,-0.057,-0.073,-0.205,-0.039,-0.148,-0.039,-0.017,-0.023,-0.081,-0.099,-0.052,-0.043,-0.044,0.013,0.174,-0.026,-0.003,0.008,0.04,0.059,-0.03,0.04,0.065,-0.074,-0.148,0.123,-0.015,0.079,0.109,-0.014,-0.088,-0.058,0.018,-0.006,-0.048,-0.065,-0.054,0.08,0.132,0.014,-0.075,-0.006,0.116,-0.057,0.011,-0.018,0.028,-0.004,-0.085,-0.038,-0.0,0.008,-0.006,-0.064,-0.079,-0.053,-0.062,0.133,-0.114,0.038,0.048,0.008,-0.02,-0.038,-0.033
ctx-lh-7Networks_LH_Cont_PFCmp_1,,,,,,,,,,,,,,,,,,,,,,,,,,,,,,,,,,,,,,,,,,,,,,,,,,,,,,,,,,,,,,,,,,,,,,,,,,,,,,,,,,,,,,,,,,,,,,,,,,,,,,,,,,,,,,,,,0.027,-0.14,0.027,0.121,0.24,-0.067,0.082,0.063,0.16,-0.022,0.118,-0.107,-0.021,-0.059,-0.041,0.064,0.091,0.027,0.035,0.09,0.093,-0.054,-0.003,0.075,0.046,0.012,-0.064,-0.088,0.074,-0.119,0.106,0.012,0.077,0.119,0.066,-0.096,0.009,0.115,0.124,0.06,0.089,0.121,0.114,0.098,0.092,0.194,-0.113,-0.149,0.125,0.092,-0.067,0.06,0.037,0.125,0.18,0.1,0.125,0.132,0.121,0.035,0.111,-0.119,0.048,0.0,-0.008,-0.177,-0.019,-0.082,-0.047,-0.069,0.044,-0.028,0.051,0.052,0.028,-0.003,-0.069,0.037,-0.052,-0.04,-0.116,-0.049,0.016,0.015,-0.064,-0.024,-0.01,-0.094,0.004,0.052,0.012,0.064,-0.18,-0.066,0.033,-0.087,0.01,0.053,-0.1,0.074,0.079,0.027,-0.091,0.033,-0.031,-0.001,-0.086,0.044,0.012,-0.015,0.03,0.013,0.006,-0.011,-0.017,0.018,0.011,0.013,0.019,0.075,0.029,-0.035,0.043,-0.045,0.022,0.054,0.052,0.066,0.023,0.012,0.087,-0.09,0.001,-0.013,0.071,0.024,-0.12,-0.127,-0.142,0.057,-0.015,0.099,0.006,-0.005,-0.061,-0.107,0.043,0.108,-0.028,-0.015,-0.063,-0.138,0.069,-0.026,-0.024,-0.049,0.007,0.011,0.124,0.093,-0.019,-0.138,0.018,0.121,0.045,0.066,0.135,0.049,0.098,0.088,0.081,0.073,0.036,0.067,0.101,0.051,0.134,0.044,-0.002,0.039,-0.002,0.115,0.103,0.078,0.089,-0.127,0.109,0.029
ctx-lh-7Networks_LH_Default_Temp_1,,,,,,,,,,,,,,,,,,,,,,,,,,,,,,,,,,,,,,,,,,,,,,,,,,,,,,,,,,,,,,,,,,,,,,,,,,,,,,,,,,,,,,,,,,,,,,,,,,,,,,,,,,,,,,,,,,0.134,-0.052,-0.204,-0.066,-0.039,-0.13,-0.214,-0.196,-0.086,-0.066,-0.003,-0.035,-0.072,-0.029,0.012,-0.046,-0.1,-0.053,-0.007,0.046,-0.07,-0.066,0.057,-0.062,-0.004,-0.088,-0.069,-0.08,-0.145,-0.071,-0.073,-0.033,-0.071,-0.024,-0.038,-0.1,-0.1,-0.038,0.007,-0.033,0.052,-0.069,0.04,-0.045,-0.132,0.116,0.082,-0.024,-0.118,-0.04,-0.004,-0.11,-0.05,0.032,-0.091,-0.02,-0.059,-0.038,-0.174,-0.049,-0.209,-0.213,-0.031,-0.128,-0.148,-0.218,-0.079,-0.162,-0.272,-0.149,-0.158,-0.061,0.008,0.028,-0.056,-0.022,-0.086,-0.147,-0.121,-0.003,-0.12,-0.03,0.003,-0.057,-0.015,-0.013,-0.11,-0.036,-0.07,0.062,-0.132,-0.024,-0.013,-0.24,-0.216,-0.036,-0.192,-0.089,-0.138,-0.117,-0.219,-0.144,-0.121,-0.123,-0.13,-0.178,0.024,0.005,-0.177,-0.113,-0.156,-0.016,0.014,-0.17,-0.094,-0.109,-0.103,0.011,-0.044,-0.059,-0.142,-0.074,-0.001,-0.066,-0.068,0.119,-0.061,-0.034,0.097,0.061,0.048,0.183,-0.01,-0.015,0.016,0.009,0.021,0.204,-0.02,-0.051,0.049,0.1,0.058,-0.042,0.086,-0.15,0.049,-0.097,0.071,0.11,0.002,-0.085,-0.068,-0.021,0.021,-0.012,0.046,0.022,0.046,-0.088,0.001,0.087,0.079,-0.005,-0.23,-0.003,-0.012,-0.13,0.05,0.086,0.116,-0.061,0.017,-0.05,0.081,0.096,0.111,0.058,0.162,-0.064,-0.001,-0.052,-0.068,-0.027,-0.014,0.019,-0.084
ctx-lh-7Networks_LH_Default_Temp_2,,,,,,,,,,,,,,,,,,,,,,,,,,,,,,,,,,,,,,,,,,,,,,,,,,,,,,,,,,,,,,,,,,,,,,,,,,,,,,,,,,,,,,,,,,,,,,,,,,,,,,,,,,,,,,,,,,,-0.07,-0.145,0.06,0.052,-0.053,-0.069,0.028,0.024,-0.023,0.04,-0.055,-0.005,-0.024,-0.027,-0.009,-0.002,-0.136,-0.037,0.054,-0.226,-0.073,0.043,-0.041,0.014,-0.032,-0.089,-0.029,-0.15,0.088,0.128,0.07,0.058,-0.029,0.061,-0.055,-0.015,0.042,0.054,0.082,0.118,0.025,0.193,0.039,-0.098,0.113,0.11,0.088,0.01,0.089,0.04,-0.08,0.001,0.075,-0.087,-0.003,0.021,0.047,-0.088,-0.105,-0.04,-0.052,-0.064,-0.154,-0.079,-0.113,0.03,-0.097,-0.119,-0.127,-0.067,-0.065,-0.013,-0.017,-0.021,-0.009,-0.047,-0.053,-0.031,0.003,0.067,0.059,-0.126,-0.089,-0.002,-0.01,-0.021,-0.014,0.078,-0.021,-0.091,-0.072,-0.063,-0.07,-0.081,-0.056,-0.063,-0.158,-0.128,-0.062,-0.115,-0.069,-0.147,-0.095,-0.047,-0.103,-0.07,-0.052,-0.028,0.025,-0.015,-0.121,-0.04,-0.038,-0.151,-0.06,-0.062,-0.058,-0.132,-0.039,-0.196,-0.084,-0.026,-0.078,0.065,0.136,0.103,-0.027,-0.016,0.038,0.112,0.106,-0.002,0.059,-0.034,-0.077,-0.086,0.123,-0.14,-0.002,-0.088,-0.026,-0.11,-0.073,-0.028,-0.154,-0.079,-0.004,-0.106,-0.059,-0.082,-0.051,-0.113,-0.09,-0.06,-0.162,-0.161,-0.033,0.062,-0.077,-0.019,0.006,0.148,0.108,-0.012,0.031,0.019,-0.069,-0.002,-0.014,0.026,0.023,0.026,-0.128,-0.005,0.033,0.003,-0.053,0.046,-0.097,-0.058,0.073,0.023,0.063,-0.045,0.061,-0.146
ctx-lh-7Networks_LH_Default_Temp_3,,,,,,,,,,,,,,,,,,,,,,,,,,,,,,,,,,,,,,,,,,,,,,,,,,,,,,,,,,,,,,,,,,,,,,,,,,,,,,,,,,,,,,,,,,,,,,,,,,,,,,,,,,,,,,,,,,,,-0.133,-0.079,-0.126,-0.123,-0.106,-0.142,-0.103,-0.033,-0.03,0.037,-0.035,-0.083,0.123,0.043,-0.06,0.046,0.053,0.178,0.089,0.0,0.08,0.001,0.045,0.036,-0.008,0.102,0.133,-0.13,0.008,-0.099,-0.004,0.065,-0.011,0.035,0.008,-0.209,-0.148,-0.037,-0.069,-0.137,-0.093,0.04,-0.067,0.098,0.046,-0.098,-0.09,0.237,0.053,0.128,-0.057,0.046,0.003,0.047,-0.02,0.075,-0.056,-0.044,-0.218,-0.167,-0.125,-0.135,-0.227,-0.131,-0.175,-0.086,-0.176,-0.066,-0.149,-0.083,-0.024,-0.035,-0.072,-0.144,-0.058,-0.103,-0.126,0.02,-0.144,-0.174,-0.042,-0.087,-0.125,-0.026,-0.033,-0.142,-0.081,-0.019,-0.131,-0.104,-0.073,-0.09,-0.113,-0.086,-0.16,-0.064,-0.151,-0.02,-0.129,-0.05,-0.039,-0.133,-0.07,-0.177,-0.05,0.009,-0.151,-0.062,-0.085,-0.006,-0.03,-0.105,-0.093,-0.104,-0.061,-0.042,-0.102,-0.104,-0.066,-0.126,-0.061,0.01,-0.01,0.032,-0.034,0.04,-0.064,-0.097,-0.106,-0.042,-0.198,-0.161,0.011,-0.01,-0.08,-0.046,-0.046,-0.003,0.093,0.116,0.129,0.087,0.039,0.064,0.167,-0.146,0.089,-0.036,0.018,0.026,-0.022,0.167,0.08,0.085,0.037,0.006,-0.026,-0.117,-0.036,0.023,-0.155,-0.06,-0.146,-0.121,-0.048,-0.09,-0.043,0.095,-0.03,-0.086,-0.034,0.053,0.12,-0.0,0.111,0.094,0.034,-0.035,0.1,-0.192,-0.098,-0.005,-0.019,0.03,-0.012
ctx-lh-7Networks_LH_Default_Temp_4,,,,,,,,,,,,,,,,,,,,,,,,,,,,,,,,,,,,,,,,,,,,,,,,,,,,,,,,,,,,,,,,,,,,,,,,,,,,,,,,,,,,,,,,,,,,,,,,,,,,,,,,,,,,,,,,,,,,,-0.078,-0.072,-0.143,-0.126,-0.107,-0.113,0.078,-0.035,0.079,-0.195,-0.013,0.099,-0.077,0.065,0.09,0.066,0.092,0.218,0.078,-0.015,0.094,0.049,0.091,-0.093,0.063,0.094,-0.209,-0.154,-0.097,-0.023,0.184,-0.002,0.144,0.043,-0.197,-0.235,-0.058,-0.041,-0.081,-0.109,-0.004,-0.084,0.085,0.009,-0.118,-0.223,0.145,-0.014,0.196,-0.036,0.08,-0.043,0.06,-0.091,-0.053,-0.086,-0.095,-0.284,-0.236,-0.034,-0.14,-0.232,-0.116,-0.1,-0.064,-0.165,-0.129,-0.243,-0.132,-0.132,-0.071,-0.244,-0.1,-0.076,-0.174,-0.254,-0.092,-0.175,-0.21,0.009,-0.133,-0.119,-0.06,-0.102,-0.112,-0.237,-0.054,-0.139,-0.143,-0.09,-0.149,-0.192,-0.073,-0.224,-0.085,-0.216,-0.136,-0.121,-0.15,-0.014,-0.069,-0.1,-0.131,-0.008,0.125,-0.087,-0.051,0.023,0.023,0.008,0.03,0.12,0.053,0.086,0.058,0.063,0.086,0.106,-0.075,-0.054,0.085,-0.089,-0.01,-0.166,-0.045,-0.016,-0.094,-0.168,-0.104,-0.319,-0.159,0.227,0.077,-0.021,-0.139,0.102,0.004,0.056,0.074,0.077,0.031,0.144,0.085,0.213,-0.049,0.159,0.064,-0.047,0.072,-0.026,0.29,0.132,0.274,0.159,0.17,0.029,-0.119,-0.085,0.096,-0.165,-0.171,-0.15,-0.108,-0.044,-0.114,0.021,0.177,0.121,-0.139,-0.022,0.136,0.084,0.03,0.153,0.029,0.142,0.045,0.134,-0.232,-0.154,-0.081,0.033,0.033,-0.012
ctx-lh-7Networks_LH_Default_Temp_5,,,,,,,,,,,,,,,,,,,,,,,,,,,,,,,,,,,,,,,,,,,,,,,,,,,,,,,,,,,,,,,,,,,,,,,,,,,,,,,,,,,,,,,,,,,,,,,,,,,,,,,,,,,,,,,,,,,,,,0.033,-0.04,-0.122,-0.004,-0.025,0.132,0.108,-0.018,-0.072,0.044,0.009,0.036,0.027,0.052,0.107,0.157,0.011,0.127,0.1,0.134,0.162,0.097,0.117,0.06,0.0,-0.013,-0.007,-0.054,0.093,0.111,0.052,0.081,0.135,-0.195,-0.085,-0.077,-0.004,-0.105,-0.148,-0.085,-0.059,-0.014,0.032,-0.2,-0.197,-0.01,0.048,-0.063,-0.115,0.067,-0.131,-0.006,-0.124,-0.065,-0.071,-0.116,-0.309,-0.225,-0.06,-0.149,-0.286,-0.146,-0.114,-0.096,-0.208,-0.059,-0.123,-0.012,-0.111,-0.032,-0.138,-0.018,0.011,-0.157,-0.17,-0.082,-0.102,-0.079,-0.044,-0.129,-0.092,-0.029,-0.064,-0.025,-0.2,-0.105,-0.136,-0.041,-0.07,-0.22,-0.229,-0.026,-0.136,-0.118,-0.163,-0.085,-0.123,-0.203,-0.111,-0.025,-0.189,-0.128,-0.017,0.013,-0.115,-0.113,-0.103,-0.003,-0.141,-0.159,-0.069,-0.108,-0.084,0.04,-0.062,0.018,-0.064,-0.096,-0.057,-0.071,-0.04,0.014,-0.097,-0.039,-0.007,-0.054,-0.037,0.029,-0.094,-0.11,0.089,0.086,0.008,-0.06,-0.034,-0.067,0.024,0.036,0.076,-0.09,0.033,-0.077,0.149,-0.023,0.108,0.151,-0.047,-0.052,-0.03,0.137,-0.06,-0.034,0.061,0.095,0.136,-0.075,-0.034,0.105,-0.067,-0.086,-0.156,0.018,-0.071,-0.127,-0.009,0.088,0.11,-0.112,0.002,-0.014,0.074,0.064,-0.035,0.184,0.165,0.092,0.067,-0.118,-0.089,-0.0,0.068,0.097,0.054
ctx-lh-7Networks_LH_Default_Temp_6,,,,,,,,,,,,,,,,,,,,,,,,,,,,,,,,,,,,,,,,,,,,,,,,,,,,,,,,,,,,,,,,,,,,,,,,,,,,,,,,,,,,,,,,,,,,,,,,,,,,,,,,,,,,,,,,,,,,,,,-0.143,-0.076,-0.073,0.025,-0.049,-0.054,-0.108,-0.036,-0.093,0.041,0.025,-0.087,-0.03,-0.008,0.076,-0.099,-0.081,-0.034,-0.016,-0.087,-0.069,-0.038,-0.074,-0.144,0.076,0.037,0.053,0.016,0.056,0.009,-0.065,0.005,-0.028,0.008,-0.049,0.079,0.051,0.027,0.042,-0.021,0.171,0.153,-0.04,-0.043,0.095,0.08,0.059,-0.042,0.096,-0.051,0.097,-0.006,0.023,-0.062,-0.062,-0.248,-0.211,-0.084,-0.216,-0.202,-0.175,-0.156,-0.2,-0.238,-0.175,-0.138,-0.109,-0.094,-0.073,-0.086,0.012,-0.02,-0.133,-0.126,-0.028,0.005,0.075,-0.061,-0.145,-0.025,-0.037,-0.117,0.059,-0.101,0.048,-0.116,-0.093,-0.1,-0.144,-0.142,-0.046,-0.204,-0.109,-0.09,-0.089,-0.106,-0.166,-0.113,-0.106,-0.116,-0.145,0.017,0.023,-0.176,-0.114,-0.078,-0.045,-0.032,-0.154,-0.108,-0.13,-0.146,0.022,-0.081,-0.004,-0.023,-0.11,-0.046,-0.077,-0.006,0.055,-0.01,-0.001,0.041,-0.054,0.004,0.099,-0.082,-0.032,0.017,-0.069,-0.018,0.001,-0.089,-0.122,0.02,-0.001,-0.029,-0.053,-0.006,-0.131,0.051,-0.05,-0.038,-0.006,-0.097,-0.087,-0.025,0.041,-0.024,-0.094,-0.003,0.082,0.046,-0.012,-0.118,-0.027,-0.003,-0.018,-0.117,0.057,-0.104,-0.091,0.002,0.075,0.09,-0.028,0.056,0.01,0.05,0.073,0.05,0.021,0.043,-0.022,-0.05,0.052,0.03,0.029,0.037,0.047,0.011
ctx-lh-7Networks_LH_Default_Temp_7,,,,,,,,,,,,,,,,,,,,,,,,,,,,,,,,,,,,,,,,,,,,,,,,,,,,,,,,,,,,,,,,,,,,,,,,,,,,,,,,,,,,,,,,,,,,,,,,,,,,,,,,,,,,,,,,,,,,,,,,-0.162,-0.132,-0.127,0.072,-0.096,0.015,-0.158,0.023,0.105,-0.08,-0.034,0.049,0.065,0.031,0.139,-0.006,-0.076,0.042,-0.035,0.03,-0.118,0.006,0.13,-0.186,-0.128,-0.078,-0.016,0.166,-0.037,0.073,0.012,-0.166,-0.089,-0.013,-0.044,-0.069,-0.116,-0.065,-0.099,0.061,0.069,-0.093,-0.202,0.181,-0.002,0.171,-0.042,0.057,-0.142,0.033,-0.154,-0.123,-0.142,-0.178,-0.319,-0.309,-0.094,-0.189,-0.319,-0.209,-0.228,-0.004,-0.132,-0.116,-0.168,-0.167,-0.24,-0.098,-0.162,-0.033,-0.154,-0.147,-0.181,-0.112,-0.257,-0.162,-0.103,-0.146,-0.102,-0.074,-0.174,-0.105,-0.225,-0.061,-0.189,-0.143,-0.086,-0.14,-0.177,-0.02,-0.133,-0.151,-0.103,-0.134,-0.128,-0.159,-0.062,-0.087,-0.138,-0.095,-0.067,0.075,-0.07,-0.036,0.062,0.0,0.066,-0.1,0.049,-0.039,0.036,0.029,0.048,0.016,0.028,-0.129,0.07,-0.043,-0.073,-0.047,-0.124,0.014,0.072,-0.023,0.04,-0.018,-0.17,-0.058,0.19,0.003,-0.072,-0.143,0.031,-0.01,0.073,0.005,0.049,-0.01,0.014,0.011,0.165,-0.102,0.101,-0.019,-0.082,0.087,-0.055,0.131,0.068,0.214,0.158,0.108,-0.009,-0.072,-0.076,0.036,-0.04,-0.042,-0.168,-0.055,-0.084,-0.133,0.061,0.07,0.103,-0.065,-0.011,0.113,0.005,0.084,0.188,-0.019,0.153,0.018,0.131,-0.179,-0.038,-0.05,0.013,0.002,0.013
ctx-lh-7Networks_LH_Default_Temp_8,,,,,,,,,,,,,,,,,,,,,,,,,,,,,,,,,,,,,,,,,,,,,,,,,,,,,,,,,,,,,,,,,,,,,,,,,,,,,,,,,,,,,,,,,,,,,,,,,,,,,,,,,,,,,,,,,,,,,,,,,-0.067,0.034,0.109,-0.023,-0.009,-0.134,-0.045,-0.018,-0.071,-0.051,0.091,0.019,0.057,0.164,0.015,-0.079,0.094,0.015,0.053,-0.039,-0.016,0.008,-0.126,-0.106,-0.057,-0.025,0.124,-0.006,0.057,0.055,-0.153,-0.123,-0.058,-0.083,-0.018,-0.104,-0.038,-0.091,0.014,0.008,-0.203,-0.193,0.147,0.044,0.107,-0.043,0.034,0.002,0.027,-0.06,0.034,0.017,-0.099,-0.237,-0.293,-0.04,-0.102,-0.231,-0.176,-0.191,-0.01,-0.073,-0.07,-0.119,-0.146,-0.205,-0.037,-0.147,-0.082,-0.099,-0.091,-0.194,-0.104,-0.208,-0.119,-0.074,-0.194,-0.186,-0.07,-0.039,-0.157,-0.192,-0.025,-0.072,-0.121,-0.056,-0.083,-0.11,0.033,-0.108,-0.048,-0.142,0.032,-0.035,-0.143,0.02,-0.021,-0.072,-0.041,0.0,0.126,-0.021,0.062,0.07,0.069,0.069,0.003,0.094,0.119,0.112,0.071,0.041,0.014,0.139,0.0,0.047,0.042,-0.064,-0.036,-0.132,-0.035,-0.093,-0.12,-0.006,-0.149,-0.15,-0.082,0.252,0.089,-0.033,-0.168,0.095,-0.038,0.023,-0.027,0.062,-0.005,-0.061,0.056,0.214,-0.048,0.134,0.024,-0.014,0.061,0.036,0.207,0.067,0.198,0.193,0.099,-0.004,-0.013,-0.109,0.042,-0.163,-0.169,-0.188,-0.112,-0.151,-0.155,-0.076,0.086,0.111,-0.075,-0.041,0.108,-0.042,-0.003,0.138,-0.035,0.073,0.045,0.041,-0.137,-0.07,-0.052,0.004,0.03,0.006
ctx-lh-7Networks_LH_Default_Par_1,,,,,,,,,,,,,,,,,,,,,,,,,,,,,,,,,,,,,,,,,,,,,,,,,,,,,,,,,,,,,,,,,,,,,,,,,,,,,,,,,,,,,,,,,,,,,,,,,,,,,,,,,,,,,,,,,,,,,,,,,,-0.049,0.033,-0.068,0.059,-0.111,0.085,-0.044,-0.079,0.045,-0.104,0.105,-0.049,-0.047,-0.037,-0.042,0.079,-0.009,0.021,-0.092,-0.097,-0.073,-0.008,-0.041,-0.027,-0.03,0.072,0.001,-0.032,-0.053,0.071,-0.079,0.044,0.059,0.09,-0.059,0.122,0.036,0.008,-0.047,0.075,-0.08,0.085,0.067,0.117,0.074,0.071,0.072,0.144,0.073,0.135,0.088,0.071,-0.153,-0.128,0.033,-0.145,-0.068,-0.136,-0.074,-0.023,-0.136,-0.194,-0.178,-0.162,-0.163,-0.019,-0.127,-0.058,-0.141,-0.088,-0.134,-0.139,-0.1,-0.087,-0.053,-0.099,0.041,-0.143,-0.029,-0.074,-0.051,-0.093,-0.062,-0.095,-0.049,-0.109,-0.067,-0.002,-0.092,-0.009,-0.072,-0.006,-0.096,-0.126,-0.052,-0.074,-0.137,-0.023,0.031,-0.017,-0.085,-0.059,-0.035,0.021,0.041,-0.027,0.035,-0.046,0.035,0.141,-0.038,-0.0,0.056,0.014,-0.053,0.071,0.053,0.019,-0.075,-0.096,0.005,-0.027,0.027,0.011,-0.114,-0.05,0.093,0.004,-0.008,-0.121,0.049,0.007,0.034,0.146,0.042,0.042,0.121,0.01,0.093,0.067,0.033,0.079,-0.101,0.057,-0.1,0.054,0.132,-0.046,0.043,0.001,-0.102,-0.087,-0.107,-0.012,-0.035,-0.14,-0.126,0.025,-0.078,-0.104,0.119,0.104,0.223,-0.071,-0.033,-0.065,0.014,-0.029,0.043,-0.024,0.019,-0.067,-0.055,-0.015,-0.041,-0.078,-0.008,-0.015,-0.069
ctx-lh-7Networks_LH_Default_Par_2,,,,,,,,,,,,,,,,,,,,,,,,,,,,,,,,,,,,,,,,,,,,,,,,,,,,,,,,,,,,,,,,,,,,,,,,,,,,,,,,,,,,,,,,,,,,,,,,,,,,,,,,,,,,,,,,,,,,,,,,,,,0.036,0.02,0.104,0.021,0.038,0.098,-0.036,0.118,-0.001,0.004,-0.01,-0.043,-0.026,-0.054,0.007,0.009,-0.0,0.032,-0.033,-0.164,0.105,0.056,0.096,0.049,0.155,0.081,0.095,0.124,0.082,0.072,-0.001,-0.061,0.055,-0.056,0.004,-0.009,0.014,-0.162,0.11,0.082,0.014,0.035,0.072,0.104,0.061,0.17,0.123,0.13,0.127,0.132,0.144,-0.047,-0.02,-0.046,-0.04,0.06,0.018,0.0,-0.056,-0.063,-0.165,-0.032,-0.121,-0.081,-0.021,-0.085,-0.01,-0.103,-0.008,0.048,-0.088,0.006,-0.038,-0.036,-0.003,0.105,-0.117,-0.012,-0.026,0.078,-0.05,0.078,0.003,0.025,-0.014,0.101,0.034,-0.041,0.065,0.074,0.005,0.012,-0.04,0.026,-0.094,-0.032,-0.003,0.044,-0.104,0.09,0.038,-0.004,-0.081,0.011,0.003,0.035,-0.009,-0.025,0.016,-0.002,0.124,0.086,0.06,-0.078,-0.033,0.141,0.085,-0.048,0.109,0.032,0.012,-0.033,-0.038,0.025,0.022,0.006,0.009,0.009,-0.042,0.086,0.121,0.172,0.087,0.052,0.034,0.04,0.007,-0.085,0.115,-0.024,0.056,-0.002,0.231,0.076,0.154,0.054,-0.038,-0.07,-0.035,-0.051,-0.058,-0.038,-0.026,0.019,-0.066,-0.022,0.05,0.046,-0.1,0.146,0.06,0.065,0.045,0.053,0.059,0.071,0.039,-0.023,-0.042,-0.025,-0.024,-0.102,0.097,0.13,0.041,0.084,0.05,-0.009
ctx-lh-7Networks_LH_Default_Par_3,,,,,,,,,,,,,,,,,,,,,,,,,,,,,,,,,,,,,,,,,,,,,,,,,,,,,,,,,,,,,,,,,,,,,,,,,,,,,,,,,,,,,,,,,,,,,,,,,,,,,,,,,,,,,,,,,,,,,,,,,,,,0.053,0.009,-0.061,0.074,0.009,0.086,0.083,0.011,0.117,0.142,-0.124,0.095,0.135,0.03,0.075,0.083,0.004,0.037,0.029,0.103,0.09,0.005,0.095,-0.035,0.032,-0.008,0.016,-0.033,-0.06,0.05,0.057,-0.013,-0.068,0.046,0.125,-0.001,0.055,-0.005,-0.073,0.06,0.103,0.099,0.041,0.185,-0.036,0.191,0.039,0.118,-0.067,0.017,-0.121,0.013,0.039,-0.01,-0.097,-0.055,0.024,-0.017,-0.021,0.076,-0.006,0.063,0.057,-0.011,0.058,0.134,0.093,0.019,0.007,0.04,0.003,0.143,0.054,-0.019,0.018,0.011,0.028,0.051,-0.202,-0.066,-0.088,-0.142,-0.132,-0.009,-0.139,-0.066,-0.049,-0.153,-0.096,-0.02,-0.108,-0.102,-0.105,-0.112,-0.027,-0.097,0.026,-0.018,-0.057,-0.116,-0.114,-0.002,-0.059,-0.135,-0.08,-0.076,-0.039,0.016,-0.069,-0.028,-0.047,0.027,0.027,-0.016,-0.023,0.022,-0.039,-0.048,-0.054,-0.126,-0.098,-0.095,-0.118,-0.079,-0.039,-0.158,-0.044,-0.075,-0.033,-0.082,-0.046,0.059,0.023,-0.149,-0.018,-0.142,0.014,0.054,-0.051,0.003,-0.089,-0.217,-0.191,-0.039,0.061,-0.169,0.032,0.073,0.057,-0.053,-0.099,-0.026,-0.033,-0.064,0.037,0.107,-0.064,0.036,0.058,0.105,0.167,-0.03,0.019,-0.031,-0.014,0.12,-0.032,0.053,0.068,-0.034,-0.029,0.05,-0.042,0.031,-0.024,-0.056,-0.028
ctx-lh-7Networks_LH_Default_Par_4,,,,,,,,,,,,,,,,,,,,,,,,,,,,,,,,,,,,,,,,,,,,,,,,,,,,,,,,,,,,,,,,,,,,,,,,,,,,,,,,,,,,,,,,,,,,,,,,,,,,,,,,,,,,,,,,,,,,,,,,,,,,,0.015,0.028,0.085,0.01,0.047,-0.011,0.008,0.019,-0.004,-0.208,-0.036,0.003,0.028,-0.089,-0.146,-0.116,-0.116,-0.263,0.159,0.088,0.068,0.103,0.034,0.049,0.016,-0.035,0.16,0.057,0.058,0.141,0.052,0.05,0.055,0.067,0.035,-0.031,0.078,-0.005,0.019,0.146,-0.012,0.101,0.211,0.111,0.235,0.122,0.161,-0.011,0.117,-0.166,-0.053,-0.062,-0.123,-0.123,-0.09,-0.126,-0.102,-0.146,-0.171,-0.101,-0.124,-0.073,-0.068,-0.09,-0.004,-0.084,-0.079,-0.059,-0.134,-0.06,0.009,-0.032,-0.055,0.114,-0.039,-0.082,-0.015,-0.097,-0.068,-0.013,-0.027,-0.028,-0.117,-0.09,0.03,-0.086,-0.038,-0.021,-0.058,-0.083,-0.083,-0.138,-0.095,-0.13,-0.074,0.088,-0.012,-0.127,-0.099,-0.111,-0.099,0.037,-0.119,-0.026,-0.11,-0.076,0.117,-0.067,0.07,0.004,-0.016,-0.079,-0.017,0.08,0.142,-0.004,-0.075,0.066,0.079,0.027,0.078,-0.13,0.006,0.021,0.009,-0.013,0.014,0.082,0.059,0.064,0.175,0.056,0.039,0.129,-0.057,0.018,0.115,-0.06,0.085,-0.125,0.03,-0.088,0.087,0.109,-0.116,-0.096,0.041,0.122,0.014,-0.016,0.102,0.13,0.086,0.017,0.169,0.088,-0.013,0.202,0.155,0.254,0.081,0.096,0.062,0.166,0.167,0.007,0.083,0.096,-0.007,-0.024,0.148,0.056,0.088,0.077,0.085,-0.056
ctx-lh-7Networks_LH_Default_PFC_1,,,,,,,,,,,,,,,,,,,,,,,,,,,,,,,,,,,,,,,,,,,,,,,,,,,,,,,,,,,,,,,,,,,,,,,,,,,,,,,,,,,,,,,,,,,,,,,,,,,,,,,,,,,,,,,,,,,,,,,,,,,,,,-0.07,0.004,0.027,0.056,-0.108,-0.129,-0.111,0.056,-0.122,-0.053,0.026,0.028,-0.025,-0.074,0.026,-0.005,-0.044,0.17,0.101,0.146,0.094,0.011,-0.03,-0.086,0.145,0.149,0.119,0.084,0.132,0.062,0.075,0.185,0.128,-0.019,0.055,0.116,0.019,-0.003,0.077,0.066,0.106,0.082,0.043,0.143,0.088,0.155,-0.022,0.116,-0.134,-0.014,-0.085,-0.148,-0.117,-0.031,-0.104,-0.106,-0.131,-0.057,-0.105,0.017,0.04,0.02,0.06,-0.042,0.063,-0.05,-0.046,0.032,-0.043,-0.01,-0.03,0.057,-0.083,-0.069,0.048,-0.064,0.057,-0.089,-0.029,-0.011,-0.222,-0.084,-0.164,-0.113,-0.083,-0.061,-0.106,-0.048,0.012,-0.04,-0.174,-0.134,-0.054,-0.25,0.004,-0.03,-0.147,-0.251,-0.168,-0.109,-0.13,-0.22,-0.206,-0.178,-0.132,-0.142,-0.119,-0.137,-0.118,-0.046,-0.083,-0.105,-0.022,-0.049,-0.158,-0.041,-0.077,-0.019,-0.08,-0.017,-0.054,-0.023,-0.092,-0.147,-0.089,-0.01,-0.23,-0.032,0.052,-0.04,0.047,-0.173,-0.099,-0.13,0.076,-0.09,-0.098,-0.081,-0.049,-0.112,0.036,-0.115,-0.183,-0.09,-0.125,0.063,0.086,0.071,-0.064,-0.052,0.007,0.018,-0.039,0.025,-0.098,-0.017,-0.139,0.008,-0.097,-0.078,-0.092,-0.13,-0.056,-0.005,-0.105,-0.023,-0.052,-0.014,-0.045,0.17,0.099,0.061,-0.08,0.12,0.118
ctx-lh-7Networks_LH_Default_PFC_2,,,,,,,,,,,,,,,,,,,,,,,,,,,,,,,,,,,,,,,,,,,,,,,,,,,,,,,,,,,,,,,,,,,,,,,,,,,,,,,,,,,,,,,,,,,,,,,,,,,,,,,,,,,,,,,,,,,,,,,,,,,,,,,0.037,0.126,-0.087,-0.035,-0.191,-0.096,-0.009,-0.131,-0.102,-0.036,0.008,0.01,-0.047,-0.045,-0.02,-0.115,0.029,-0.032,0.073,-0.07,0.085,-0.018,-0.154,-0.03,-0.046,0.103,0.042,-0.065,0.01,-0.09,0.014,-0.018,-0.03,-0.071,0.032,-0.069,-0.01,0.002,-0.086,-0.028,0.02,0.021,0.018,0.052,-0.015,-0.017,0.065,-0.151,-0.116,-0.171,-0.253,-0.193,-0.126,-0.154,-0.229,-0.259,-0.227,-0.114,-0.174,-0.109,-0.045,-0.045,-0.115,-0.09,-0.103,-0.09,-0.014,-0.149,-0.114,-0.126,-0.044,0.05,-0.091,-0.178,0.009,-0.119,-0.005,-0.04,0.115,0.04,-0.179,0.042,0.12,-0.082,0.099,0.023,-0.092,-0.075,-0.152,-0.071,0.115,-0.016,-0.013,0.027,-0.047,-0.205,-0.145,-0.082,-0.085,-0.111,-0.203,-0.075,-0.194,-0.118,0.078,-0.093,-0.142,-0.027,-0.134,-0.066,0.038,-0.016,-0.043,-0.107,0.007,-0.073,-0.083,-0.011,0.015,-0.086,-0.015,0.034,0.055,0.153,0.132,-0.064,0.102,0.149,0.188,0.15,0.114,0.166,0.07,0.006,0.047,0.106,0.143,0.066,0.09,0.093,0.045,-0.046,0.019,-0.015,0.006,-0.037,0.059,0.121,0.084,-0.02,-0.029,-0.125,-0.096,-0.049,-0.149,0.01,0.023,0.084,-0.115,0.091,-0.149,0.043,-0.055,-0.078,0.09,0.049,0.12,0.044,0.09,0.062,-0.011,0.056,0.045,0.064
ctx-lh-7Networks_LH_Default_PFC_3,,,,,,,,,,,,,,,,,,,,,,,,,,,,,,,,,,,,,,,,,,,,,,,,,,,,,,,,,,,,,,,,,,,,,,,,,,,,,,,,,,,,,,,,,,,,,,,,,,,,,,,,,,,,,,,,,,,,,,,,,,,,,,,,0.063,0.043,-0.068,0.057,0.053,0.106,-0.066,-0.023,0.067,0.111,0.041,-0.062,0.047,0.047,-0.087,0.079,0.145,0.125,0.189,0.037,0.118,0.044,0.089,0.06,-0.041,0.09,0.063,0.029,0.026,0.136,0.12,0.036,0.001,0.057,-0.082,0.01,0.04,0.052,0.065,0.078,-0.051,0.114,0.115,0.054,-0.088,-0.009,-0.111,-0.075,-0.055,-0.06,-0.077,-0.093,-0.043,-0.098,-0.076,-0.032,-0.077,-0.056,0.073,-0.039,-0.018,0.025,0.092,-0.013,-0.069,-0.039,-0.081,0.042,0.012,0.002,-0.127,-0.015,0.022,0.055,-0.11,-0.083,-0.086,-0.073,-0.054,-0.076,-0.227,-0.096,-0.124,-0.171,-0.139,-0.106,-0.103,-0.153,-0.189,-0.196,-0.104,-0.18,-0.011,0.022,-0.136,-0.12,-0.12,0.023,-0.094,-0.164,-0.113,-0.084,-0.056,-0.022,-0.063,0.052,-0.103,-0.069,0.031,0.008,-0.037,0.03,-0.032,-0.029,-0.063,-0.076,-0.107,0.055,-0.065,-0.029,0.043,-0.029,-0.003,0.022,-0.107,-0.012,0.016,0.033,-0.017,-0.055,-0.081,-0.191,0.037,-0.083,0.065,-0.024,-0.051,-0.103,-0.051,-0.026,0.039,-0.007,0.027,0.101,0.2,0.024,0.046,0.13,-0.011,0.139,-0.021,0.006,-0.029,-0.068,-0.002,0.012,0.034,0.044,0.006,0.09,0.006,0.18,0.139,0.103,0.053,0.065,-0.003,0.121,0.094,0.166,0.109,0.139,0.004
ctx-lh-7Networks_LH_Default_PFC_4,,,,,,,,,,,,,,,,,,,,,,,,,,,,,,,,,,,,,,,,,,,,,,,,,,,,,,,,,,,,,,,,,,,,,,,,,,,,,,,,,,,,,,,,,,,,,,,,,,,,,,,,,,,,,,,,,,,,,,,,,,,,,,,,,0.001,0.112,0.099,0.008,0.023,0.033,0.063,-0.014,0.003,-0.038,-0.082,-0.025,0.071,0.032,0.153,0.032,0.112,0.059,0.062,0.015,0.092,0.099,-0.061,0.015,-0.014,-0.144,-0.084,-0.041,0.049,-0.012,-0.106,-0.127,0.079,-0.085,-0.066,-0.046,0.028,0.07,-0.027,-0.01,0.05,0.148,0.009,-0.148,0.059,0.096,0.06,-0.055,0.051,0.111,0.017,0.054,0.009,0.02,0.101,0.099,0.138,0.076,0.091,0.003,0.1,0.043,0.024,0.066,-0.0,0.018,0.096,0.061,0.088,0.102,0.041,0.0,0.032,-0.199,-0.08,-0.118,-0.04,-0.009,0.008,-0.14,0.033,-0.045,-0.154,-0.009,-0.106,0.014,0.045,-0.008,0.079,-0.012,-0.028,0.066,0.032,0.021,0.049,0.015,0.018,-0.041,-0.021,0.067,0.084,-0.009,0.038,0.091,0.124,0.132,0.094,0.018,0.052,-0.017,-0.001,0.056,-0.049,-0.075,-0.016,-0.047,-0.053,-0.058,-0.002,0.028,-0.019,-0.021,-0.0,0.02,0.064,-0.028,-0.09,0.026,-0.003,0.095,0.018,0.094,0.029,-0.003,0.077,0.007,-0.009,-0.075,0.011,-0.032,0.037,0.039,-0.018,0.037,0.013,0.026,0.066,-0.045,0.017,0.034,0.054,0.008,-0.001,-0.064,0.048,0.072,0.156,-0.085,0.132,0.028,0.063,0.114,0.055,0.021,0.01,0.136,0.092,0.11,0.036,0.035,0.047,0.171
ctx-lh-7Networks_LH_Default_PFC_5,,,,,,,,,,,,,,,,,,,,,,,,,,,,,,,,,,,,,,,,,,,,,,,,,,,,,,,,,,,,,,,,,,,,,,,,,,,,,,,,,,,,,,,,,,,,,,,,,,,,,,,,,,,,,,,,,,,,,,,,,,,,,,,,,,0.056,-0.027,0.089,0.03,-0.068,0.067,0.033,0.051,0.018,-0.032,-0.037,-0.023,-0.069,-0.059,-0.072,0.004,-0.006,0.017,-0.025,-0.07,0.027,-0.087,0.01,-0.076,-0.076,-0.027,-0.12,-0.002,-0.034,-0.122,-0.141,-0.03,-0.142,-0.081,-0.08,-0.078,-0.064,-0.007,-0.071,0.039,0.018,0.026,-0.113,0.025,-0.086,-0.049,-0.088,-0.141,-0.131,-0.092,-0.087,-0.107,-0.228,-0.04,-0.081,0.078,0.056,0.092,-0.027,0.027,-0.038,-0.101,-0.072,0.032,-0.04,0.022,-0.015,-0.055,0.043,0.033,-0.145,-0.014,-0.252,-0.065,-0.057,-0.054,-0.052,-0.103,-0.152,0.009,-0.07,-0.033,-0.075,-0.106,-0.079,-0.145,-0.009,-0.001,-0.018,-0.111,0.091,-0.003,-0.151,-0.108,-0.11,-0.015,-0.048,-0.188,-0.034,-0.119,-0.025,0.142,0.06,-0.004,-0.035,-0.046,0.015,0.044,-0.022,-0.106,-0.047,-0.101,0.086,-0.092,0.062,0.156,-0.115,-0.027,0.08,-0.007,0.033,0.05,-0.04,-0.056,-0.088,0.076,0.045,0.052,0.055,-0.004,0.1,0.047,-0.026,0.133,-0.015,-0.044,-0.063,-0.019,0.001,0.083,0.045,0.081,0.033,0.008,0.053,0.083,-0.002,0.058,-0.021,0.076,0.083,-0.03,0.121,0.158,0.164,-0.125,-0.073,0.003,0.144,0.118,0.018,0.141,0.123,0.06,0.108,-0.022,-0.007,-0.058,0.007,0.066,0.062
ctx-lh-7Networks_LH_Default_PFC_6,,,,,,,,,,,,,,,,,,,,,,,,,,,,,,,,,,,,,,,,,,,,,,,,,,,,,,,,,,,,,,,,,,,,,,,,,,,,,,,,,,,,,,,,,,,,,,,,,,,,,,,,,,,,,,,,,,,,,,,,,,,,,,,,,,,-0.029,-0.008,0.064,-0.059,-0.031,-0.075,0.089,-0.067,-0.084,0.028,-0.09,-0.185,0.052,0.058,0.091,0.08,0.086,0.029,-0.059,0.143,-0.028,-0.045,-0.036,0.039,0.058,-0.051,0.087,0.091,-0.004,0.037,-0.048,-0.065,0.042,0.033,-0.003,0.03,0.115,-0.038,0.082,-0.014,0.063,-0.008,0.017,-0.26,-0.065,-0.097,-0.029,-0.191,-0.103,0.024,-0.079,-0.02,0.01,0.003,0.025,-0.052,-0.083,-0.015,0.007,0.028,-0.016,-0.018,-0.125,-0.06,-0.009,0.045,0.032,-0.073,-0.01,-0.033,-0.089,-0.069,0.043,-0.031,-0.001,-0.056,-0.039,-0.103,-0.036,-0.059,-0.108,-0.087,-0.05,-0.012,-0.029,-0.091,-0.023,-0.105,-0.154,-0.062,-0.034,-0.07,-0.107,-0.086,-0.015,-0.154,-0.116,-0.09,-0.08,0.011,-0.049,-0.025,-0.032,-0.025,-0.066,-0.071,-0.015,-0.059,-0.032,0.001,-0.034,-0.068,-0.103,-0.11,-0.04,-0.144,-0.155,-0.0,-0.02,0.027,-0.04,-0.13,-0.036,0.112,0.007,0.037,-0.047,0.008,-0.11,0.14,-0.088,-0.003,0.019,-0.046,-0.039,0.063,-0.015,-0.003,-0.079,-0.025,0.147,0.099,0.034,-0.058,0.049,-0.108,-0.026,-0.014,0.013,-0.091,-0.104,-0.095,-0.045,-0.028,-0.06,-0.008,-0.041,-0.022,0.039,-0.009,0.037,-0.012,0.051,0.011,0.017,0.047,0.05,0.012,0.097,0.085
ctx-lh-7Networks_LH_Default_PFC_7,,,,,,,,,,,,,,,,,,,,,,,,,,,,,,,,,,,,,,,,,,,,,,,,,,,,,,,,,,,,,,,,,,,,,,,,,,,,,,,,,,,,,,,,,,,,,,,,,,,,,,,,,,,,,,,,,,,,,,,,,,,,,,,,,,,,0.026,-0.021,-0.164,-0.087,0.028,0.013,-0.01,0.006,0.0,-0.059,-0.031,0.074,-0.056,0.085,-0.039,0.009,-0.068,-0.142,-0.019,-0.001,0.003,0.085,0.142,0.078,0.017,0.118,0.121,-0.084,-0.062,0.103,0.03,0.024,0.086,0.039,0.112,0.151,0.004,0.194,0.154,0.102,0.019,0.13,-0.031,0.051,-0.046,-0.041,-0.076,0.002,-0.072,-0.037,-0.091,0.047,0.025,0.091,0.01,0.077,0.124,-0.019,-0.004,-0.022,0.064,0.049,-0.025,-0.039,-0.03,0.035,0.108,-0.018,-0.088,0.041,-0.076,-0.011,0.013,0.006,0.012,-0.047,-0.043,0.015,0.066,-0.007,0.002,-0.034,-0.002,-0.102,-0.016,0.114,0.023,-0.022,0.06,0.038,-0.039,-0.046,-0.052,-0.032,-0.068,-0.1,-0.013,-0.096,-0.027,0.1,-0.025,-0.055,-0.048,-0.065,-0.09,0.003,-0.081,-0.187,-0.085,-0.114,0.066,0.018,-0.049,0.048,-0.063,-0.003,-0.016,-0.039,0.002,-0.023,-0.009,-0.113,0.084,0.14,0.155,0.014,0.049,0.037,0.052,0.065,-0.018,0.103,0.052,-0.025,0.054,-0.138,-0.15,0.0,-0.041,-0.029,-0.045,0.033,0.005,-0.023,0.062,0.021,0.032,0.07,-0.03,0.045,0.094,0.103,0.122,-0.191,-0.012,-0.125,0.053,-0.033,-0.036,0.079,0.054,0.128,0.021,0.084,0.056,-0.068,-0.041,-0.017,0.081
ctx-lh-7Networks_LH_Default_PFC_8,,,,,,,,,,,,,,,,,,,,,,,,,,,,,,,,,,,,,,,,,,,,,,,,,,,,,,,,,,,,,,,,,,,,,,,,,,,,,,,,,,,,,,,,,,,,,,,,,,,,,,,,,,,,,,,,,,,,,,,,,,,,,,,,,,,,,0.062,-0.016,0.066,0.021,0.099,-0.033,-0.088,0.037,0.038,-0.095,0.064,0.106,0.039,0.128,0.066,0.062,0.079,0.138,-0.03,-0.101,-0.046,0.004,0.092,-0.006,0.032,0.063,-0.066,0.004,-0.03,-0.102,-0.003,0.096,0.039,-0.009,0.132,-0.039,0.072,-0.056,0.038,-0.069,-0.05,-0.129,0.003,0.023,-0.001,-0.17,-0.066,-0.029,-0.004,-0.022,-0.01,-0.005,0.026,-0.008,-0.011,-0.002,0.005,0.009,-0.07,-0.034,-0.049,-0.075,-0.038,-0.009,-0.016,-0.042,-0.018,-0.123,-0.001,-0.129,-0.056,-0.101,-0.068,-0.099,-0.067,-0.133,-0.021,-0.055,-0.172,-0.011,-0.024,-0.071,-0.111,-0.071,-0.078,-0.11,-0.129,-0.036,-0.025,-0.136,-0.138,-0.124,-0.087,-0.086,-0.078,-0.042,-0.044,0.038,-0.004,-0.012,0.065,-0.104,-0.023,-0.062,-0.057,-0.106,-0.03,-0.088,-0.082,0.022,0.002,-0.064,0.001,-0.125,-0.1,-0.039,-0.041,-0.038,-0.056,-0.007,-0.001,0.068,0.06,-0.051,-0.073,-0.055,-0.078,0.1,-0.048,-0.001,0.016,-0.066,-0.025,-0.009,-0.021,-0.005,-0.081,0.018,0.115,0.122,0.009,-0.037,0.064,-0.001,-0.024,-0.01,0.089,0.015,-0.02,-0.026,0.088,0.055,-0.012,0.008,0.085,-0.018,0.065,0.031,0.109,0.01,0.066,0.009,0.038,-0.011,0.058,0.039,0.1,0.08
ctx-lh-7Networks_LH_Default_PFC_9,,,,,,,,,,,,,,,,,,,,,,,,,,,,,,,,,,,,,,,,,,,,,,,,,,,,,,,,,,,,,,,,,,,,,,,,,,,,,,,,,,,,,,,,,,,,,,,,,,,,,,,,,,,,,,,,,,,,,,,,,,,,,,,,,,,,,,-0.053,0.061,0.006,0.034,-0.006,0.033,-0.007,-0.043,-0.028,0.058,0.029,-0.005,0.091,0.112,-0.004,0.018,0.065,-0.08,-0.069,-0.013,-0.001,0.005,-0.011,0.003,0.03,-0.013,0.003,-0.026,-0.124,0.005,0.011,0.014,0.011,0.066,-0.08,0.135,0.013,-0.056,-0.041,-0.01,-0.075,-0.009,-0.07,-0.106,-0.129,-0.033,-0.042,-0.08,-0.147,-0.087,-0.163,-0.043,-0.027,0.041,-0.027,-0.017,-0.054,-0.094,-0.089,-0.093,-0.088,-0.066,-0.063,-0.046,0.099,0.0,-0.102,0.002,-0.145,-0.073,-0.076,-0.012,-0.05,-0.177,-0.209,-0.036,-0.117,-0.142,-0.077,-0.165,-0.069,-0.171,-0.121,-0.02,-0.079,-0.159,0.097,0.005,-0.089,-0.141,-0.126,0.025,-0.007,-0.091,0.015,-0.068,-0.012,0.089,0.026,0.045,-0.048,-0.014,-0.016,0.053,-0.087,0.017,-0.056,-0.006,0.056,0.058,-0.042,0.083,-0.04,0.092,0.013,0.003,0.064,0.013,0.027,-0.045,-0.001,0.076,0.082,-0.079,0.045,-0.06,0.114,0.09,-0.016,0.105,-0.052,0.006,-0.034,-0.001,-0.08,0.001,0.026,0.136,0.097,-0.059,-0.043,0.068,0.086,0.043,0.031,0.165,0.084,-0.019,0.117,0.06,0.175,0.059,-0.006,0.066,0.054,0.143,-0.029,0.056,0.069,0.019,0.045,0.06,-0.012,0.031,-0.042,0.11,0.024
ctx-lh-7Networks_LH_Default_PFC_10,,,,,,,,,,,,,,,,,,,,,,,,,,,,,,,,,,,,,,,,,,,,,,,,,,,,,,,,,,,,,,,,,,,,,,,,,,,,,,,,,,,,,,,,,,,,,,,,,,,,,,,,,,,,,,,,,,,,,,,,,,,,,,,,,,,,,,,-0.118,0.051,0.007,-0.119,0.015,-0.011,0.051,0.18,0.034,-0.024,0.032,-0.099,-0.145,-0.212,-0.125,-0.039,0.114,0.064,0.29,0.274,0.135,0.135,0.266,0.314,-0.078,-0.0,0.142,0.261,0.077,0.115,0.141,0.18,0.269,0.157,0.234,0.231,0.208,0.205,0.189,0.074,0.093,-0.006,0.028,0.062,0.064,0.076,0.095,0.117,0.331,0.235,0.29,0.317,0.235,0.357,0.151,0.284,0.219,0.275,0.262,0.205,0.154,0.11,0.21,0.074,0.154,0.188,0.178,0.139,0.074,0.104,-0.1,0.039,0.217,0.135,0.052,0.3,0.103,0.158,0.233,0.211,0.201,0.242,0.123,0.232,0.093,-0.053,0.082,0.122,0.044,0.022,0.111,-0.161,-0.091,-0.074,-0.022,0.017,-0.136,0.067,-0.042,0.02,0.113,0.145,0.035,-0.039,-0.13,-0.072,0.005,0.02,-0.044,-0.082,-0.113,0.077,0.024,-0.115,-0.215,-0.177,-0.17,-0.116,-0.073,-0.015,-0.106,-0.08,-0.086,-0.173,0.043,-0.016,-0.053,-0.124,-0.21,-0.091,-0.184,-0.019,-0.297,-0.196,-0.018,-0.017,-0.097,-0.19,-0.014,-0.186,-0.307,-0.12,-0.044,0.074,-0.067,-0.133,0.106,-0.061,-0.125,-0.243,-0.156,-0.041,-0.189,-0.143,-0.172,-0.161,-0.111,-0.134,0.014,-0.054,-0.048,0.032,-0.154,-0.245,-0.228,0.045
ctx-lh-7Networks_LH_Default_PFC_11,,,,,,,,,,,,,,,,,,,,,,,,,,,,,,,,,,,,,,,,,,,,,,,,,,,,,,,,,,,,,,,,,,,,,,,,,,,,,,,,,,,,,,,,,,,,,,,,,,,,,,,,,,,,,,,,,,,,,,,,,,,,,,,,,,,,,,,,0.089,0.024,-0.068,-0.058,-0.094,-0.134,-0.169,0.091,0.016,0.079,0.104,0.024,-0.064,-0.096,0.023,0.004,-0.043,0.045,0.142,0.046,-0.004,0.052,0.12,-0.021,-0.0,0.097,-0.025,0.009,0.109,0.037,0.014,0.131,-0.053,0.114,0.012,0.023,-0.054,-0.014,-0.128,0.056,-0.023,-0.043,-0.103,-0.014,-0.028,-0.061,-0.109,-0.037,-0.173,-0.007,0.018,-0.059,-0.037,-0.042,-0.013,-0.119,-0.129,-0.085,-0.114,-0.09,-0.047,-0.093,-0.063,-0.111,-0.127,-0.111,-0.114,-0.011,0.02,-0.113,-0.107,-0.119,-0.228,-0.063,-0.064,-0.14,-0.08,-0.059,-0.168,-0.178,-0.118,-0.144,-0.099,-0.122,0.126,0.091,-0.156,-0.116,-0.12,-0.019,0.027,-0.089,-0.115,-0.107,-0.029,0.067,-0.001,-0.063,-0.171,-0.122,-0.063,0.009,-0.063,-0.006,0.053,-0.02,0.059,0.038,-0.015,0.089,-0.017,0.027,0.007,-0.084,-0.002,-0.034,-0.013,-0.032,-0.054,0.104,0.057,-0.079,0.045,-0.061,0.076,0.061,-0.05,0.043,-0.112,-0.076,-0.099,-0.1,-0.003,-0.056,0.051,0.153,0.137,0.013,-0.021,0.05,0.088,0.055,0.081,0.168,0.067,0.061,0.183,0.179,0.187,-0.015,0.034,-0.032,0.048,0.149,-0.03,0.099,0.143,-0.046,-0.067,0.126,0.045,0.047,-0.031,0.087,0.018
ctx-lh-7Networks_LH_Default_PFC_12,,,,,,,,,,,,,,,,,,,,,,,,,,,,,,,,,,,,,,,,,,,,,,,,,,,,,,,,,,,,,,,,,,,,,,,,,,,,,,,,,,,,,,,,,,,,,,,,,,,,,,,,,,,,,,,,,,,,,,,,,,,,,,,,,,,,,,,,,0.083,-0.079,-0.105,-0.082,-0.103,-0.17,0.069,0.07,0.051,0.124,0.085,0.012,0.018,0.081,0.058,-0.018,0.029,0.092,0.079,0.053,0.065,0.055,-0.02,-0.002,0.078,-0.115,0.022,0.013,0.049,0.03,0.099,-0.122,0.094,0.066,-0.03,-0.11,-0.031,-0.134,-0.066,-0.108,-0.148,-0.172,-0.118,-0.126,-0.034,-0.126,-0.107,-0.14,-0.096,-0.065,-0.023,-0.135,-0.075,-0.13,-0.11,-0.154,-0.169,-0.146,-0.118,-0.055,-0.097,0.022,-0.082,-0.125,-0.084,-0.058,-0.045,-0.05,-0.08,-0.081,-0.226,-0.255,-0.055,-0.158,-0.129,-0.088,-0.189,-0.123,-0.189,-0.144,-0.108,-0.191,-0.169,0.099,0.043,-0.184,-0.167,-0.106,-0.101,0.066,-0.059,-0.014,-0.079,0.028,0.093,0.04,0.077,-0.071,-0.102,-0.109,-0.0,-0.053,0.049,-0.034,0.023,0.099,0.066,-0.02,0.101,-0.045,0.016,0.046,-0.006,0.021,0.027,0.098,-0.046,0.079,0.042,0.001,-0.019,0.078,-0.012,0.011,-0.008,0.02,0.072,-0.108,0.062,-0.071,0.067,0.061,0.103,0.045,0.167,0.12,-0.034,0.01,0.143,0.165,0.082,0.05,0.114,0.146,-0.032,0.235,0.157,0.187,-0.004,0.077,0.102,0.038,0.125,0.064,0.095,0.064,0.01,0.006,0.088,0.017,0.1,0.018,0.168,-0.022
ctx-lh-7Networks_LH_Default_PFC_13,,,,,,,,,,,,,,,,,,,,,,,,,,,,,,,,,,,,,,,,,,,,,,,,,,,,,,,,,,,,,,,,,,,,,,,,,,,,,,,,,,,,,,,,,,,,,,,,,,,,,,,,,,,,,,,,,,,,,,,,,,,,,,,,,,,,,,,,,,-0.022,0.017,-0.016,0.016,-0.016,0.093,0.088,0.026,0.098,0.073,0.054,0.072,0.093,0.02,0.021,0.042,0.041,0.009,0.022,0.084,0.125,-0.014,-0.046,0.101,0.073,0.073,0.088,0.078,0.086,0.177,0.07,0.077,0.149,0.047,0.038,0.091,-0.016,0.034,0.017,0.053,0.039,0.059,-0.005,-0.014,0.031,0.089,0.037,0.107,0.005,0.035,0.044,-0.007,0.066,-0.013,-0.0,-0.028,-0.053,-0.059,0.077,-0.004,0.079,-0.118,-0.098,-0.021,-0.01,-0.076,0.007,-0.093,-0.088,-0.024,-0.125,-0.03,0.041,-0.067,-0.039,-0.05,-0.018,-0.116,-0.011,-0.017,-0.059,-0.07,0.063,-0.042,-0.002,0.002,-0.029,-0.074,0.048,-0.066,-0.012,-0.014,-0.097,0.036,0.016,0.046,-0.028,0.01,-0.155,-0.046,-0.075,0.11,0.013,0.041,0.012,0.073,-0.081,-0.002,-0.079,0.068,-0.068,-0.095,-0.056,-0.058,0.043,0.062,0.063,0.006,-0.061,-0.01,0.095,-0.032,-0.126,0.052,0.079,-0.028,0.001,0.007,-0.002,0.051,0.099,0.014,-0.023,-0.045,0.015,-0.052,0.034,-0.001,0.069,-0.011,0.099,0.043,0.028,0.018,0.106,0.07,0.05,0.067,-0.023,-0.001,0.09,0.052,0.081,0.037,-0.074,0.008,-0.001,0.113,0.026,0.042,-0.011,0.048,-0.001
ctx-lh-7Networks_LH_Default_PFC_14,,,,,,,,,,,,,,,,,,,,,,,,,,,,,,,,,,,,,,,,,,,,,,,,,,,,,,,,,,,,,,,,,,,,,,,,,,,,,,,,,,,,,,,,,,,,,,,,,,,,,,,,,,,,,,,,,,,,,,,,,,,,,,,,,,,,,,,,,,,-0.101,-0.063,-0.179,-0.261,0.137,0.124,0.06,0.118,0.073,0.001,0.009,0.026,0.025,0.045,-0.017,0.057,0.064,0.06,0.036,0.065,-0.008,-0.018,0.094,-0.132,-0.052,0.013,-0.025,0.061,0.033,-0.074,0.039,0.059,-0.058,-0.078,-0.062,-0.07,-0.035,-0.0,-0.049,-0.092,-0.05,-0.012,-0.06,-0.034,-0.086,-0.038,0.034,-0.031,0.019,-0.023,0.091,-0.044,-0.052,-0.033,-0.066,-0.043,0.065,0.022,-0.061,0.076,-0.004,-0.022,-0.011,-0.041,-0.066,-0.075,-0.07,-0.027,-0.087,-0.139,0.013,-0.087,-0.109,0.041,-0.028,-0.026,-0.094,-0.128,-0.073,-0.082,-0.094,0.085,-0.017,-0.088,-0.106,-0.076,-0.057,0.091,0.009,0.028,-0.029,-0.018,0.099,0.046,0.101,-0.037,0.053,-0.079,-0.015,0.051,0.143,0.001,-0.007,0.048,0.067,-0.007,0.138,-0.032,0.057,0.034,-0.029,0.04,-0.016,0.059,-0.054,0.005,0.001,0.049,0.023,0.056,-0.067,0.008,0.119,0.01,0.093,-0.062,0.042,-0.04,0.057,0.107,-0.084,-0.055,0.115,0.098,-0.016,-0.117,0.049,0.087,-0.031,0.01,0.156,0.059,0.019,0.084,0.103,0.148,0.108,-0.036,0.046,-0.033,0.048,0.001,-0.003,0.043,-0.034,-0.047,0.11,0.048,0.092,-0.003,0.101,0.023
ctx-lh-7Networks_LH_Default_PFC_15,,,,,,,,,,,,,,,,,,,,,,,,,,,,,,,,,,,,,,,,,,,,,,,,,,,,,,,,,,,,,,,,,,,,,,,,,,,,,,,,,,,,,,,,,,,,,,,,,,,,,,,,,,,,,,,,,,,,,,,,,,,,,,,,,,,,,,,,,,,,-0.132,-0.096,-0.101,-0.057,-0.013,-0.095,-0.016,0.083,-0.075,0.063,0.061,0.018,-0.095,-0.013,0.004,-0.029,-0.024,0.046,0.015,0.039,-0.0,-0.017,-0.107,0.052,0.003,0.013,-0.032,0.112,-0.127,0.124,-0.016,-0.022,-0.112,0.004,-0.104,-0.016,-0.012,-0.074,-0.13,0.014,-0.087,0.058,-0.046,-0.0,-0.034,-0.024,-0.002,0.001,-0.011,0.011,-0.034,-0.009,-0.075,-0.107,-0.114,0.023,0.041,-0.063,-0.082,-0.039,-0.047,-0.032,-0.055,-0.029,0.018,-0.149,-0.112,-0.074,-0.112,0.021,-0.112,-0.067,-0.048,0.012,-0.008,-0.046,-0.002,-0.135,-0.058,-0.069,0.101,0.051,-0.029,-0.034,-0.037,0.035,0.068,0.036,0.081,0.073,0.116,0.003,0.117,0.055,-0.031,-0.043,-0.004,0.03,0.067,0.061,-0.132,-0.016,0.028,0.018,0.012,0.095,-0.039,0.067,0.008,-0.014,-0.089,-0.116,0.026,-0.083,0.058,-0.023,0.054,-0.032,0.042,0.063,0.184,0.006,-0.039,0.034,-0.17,0.041,0.008,0.031,-0.049,0.08,0.117,0.154,0.022,-0.082,-0.207,-0.047,-0.003,-0.083,0.021,0.146,0.01,0.047,-0.041,0.029,0.085,-0.019,-0.038,0.133,-0.035,0.079,0.116,-0.072,-0.008,-0.076,-0.023,-0.103,-0.163,-0.067,-0.112,0.068,-0.011
ctx-lh-7Networks_LH_Default_PFC_16,,,,,,,,,,,,,,,,,,,,,,,,,,,,,,,,,,,,,,,,,,,,,,,,,,,,,,,,,,,,,,,,,,,,,,,,,,,,,,,,,,,,,,,,,,,,,,,,,,,,,,,,,,,,,,,,,,,,,,,,,,,,,,,,,,,,,,,,,,,,,-0.09,-0.192,0.107,0.076,0.073,0.019,0.193,-0.041,0.063,0.099,0.15,0.062,0.079,0.109,0.054,0.084,0.073,0.102,0.037,-0.046,0.131,-0.068,0.024,0.052,0.005,0.096,0.119,0.081,0.033,0.105,0.0,0.037,0.014,-0.07,-0.121,-0.089,-0.149,-0.075,-0.036,-0.119,-0.119,-0.108,-0.244,-0.112,-0.148,-0.073,-0.051,-0.123,-0.084,-0.164,-0.134,-0.089,-0.23,-0.144,-0.13,-0.026,-0.208,-0.014,-0.104,-0.152,-0.055,0.094,0.02,-0.005,-0.061,-0.019,-0.063,-0.059,0.056,-0.087,-0.007,0.037,-0.094,-0.063,-0.143,-0.067,-0.035,-0.166,-0.082,0.036,-0.027,-0.043,-0.035,0.03,-0.102,0.157,0.084,0.067,0.0,-0.072,0.112,0.018,0.109,0.086,-0.012,-0.129,0.004,0.123,0.128,0.016,-0.045,0.063,0.108,-0.027,0.09,-0.005,0.062,0.074,0.015,-0.016,-0.034,0.079,0.058,0.081,0.087,0.041,0.049,0.081,0.053,-0.002,0.103,-0.025,0.038,-0.107,0.242,0.063,0.168,0.069,0.086,-0.036,0.036,-0.026,0.058,-0.02,-0.0,0.095,-0.079,-0.049,0.082,0.067,-0.047,0.141,0.105,0.18,0.038,-0.017,0.051,0.024,0.014,0.172,-0.049,-0.083,-0.041,0.005,0.133,0.084,0.003,0.015,0.093,-0.041
ctx-lh-7Networks_LH_Default_PFC_17,,,,,,,,,,,,,,,,,,,,,,,,,,,,,,,,,,,,,,,,,,,,,,,,,,,,,,,,,,,,,,,,,,,,,,,,,,,,,,,,,,,,,,,,,,,,,,,,,,,,,,,,,,,,,,,,,,,,,,,,,,,,,,,,,,,,,,,,,,,,,,-0.054,0.118,0.057,0.073,0.001,0.112,-0.05,0.022,0.027,0.093,-0.046,0.032,0.167,-0.032,0.086,0.134,0.155,0.017,0.067,0.033,-0.121,0.068,0.082,0.067,0.011,0.161,-0.107,0.121,-0.021,-0.007,-0.141,-0.077,-0.127,-0.072,-0.064,-0.087,-0.169,-0.017,-0.082,-0.014,-0.082,-0.051,-0.042,-0.007,0.04,0.007,0.021,0.014,-0.06,-0.128,-0.061,-0.088,-0.052,-0.015,-0.024,-0.045,0.054,-0.055,-0.115,-0.034,-0.063,-0.055,-0.022,-0.123,-0.122,-0.16,-0.23,-0.026,-0.069,-0.179,-0.029,-0.076,-0.086,-0.176,-0.066,-0.079,-0.109,-0.101,0.039,0.059,-0.064,-0.083,-0.114,-0.039,0.027,-0.049,0.099,-0.013,0.034,0.035,0.117,0.021,0.012,-0.024,0.047,0.025,-0.012,0.045,-0.098,0.018,0.068,-0.013,0.003,0.074,-0.047,0.099,0.02,-0.068,-0.101,-0.102,0.051,-0.017,0.181,-0.054,0.03,-0.094,-0.013,0.032,0.141,-0.033,-0.037,-0.04,-0.114,0.029,-0.002,-0.0,-0.018,0.12,0.102,0.13,-0.004,-0.053,-0.113,-0.014,0.067,-0.025,0.027,0.085,-0.031,0.082,0.101,0.13,0.104,0.009,0.03,-0.001,-0.035,0.005,0.113,-0.045,0.015,-0.06,0.018,0.084,0.023,0.014,-0.058,0.02,-0.026
ctx-lh-7Networks_LH_Default_PFC_18,,,,,,,,,,,,,,,,,,,,,,,,,,,,,,,,,,,,,,,,,,,,,,,,,,,,,,,,,,,,,,,,,,,,,,,,,,,,,,,,,,,,,,,,,,,,,,,,,,,,,,,,,,,,,,,,,,,,,,,,,,,,,,,,,,,,,,,,,,,,,,,-0.161,-0.141,-0.13,-0.122,0.035,-0.209,-0.011,-0.04,0.001,-0.09,0.153,0.215,-0.049,0.094,0.115,0.138,0.101,0.14,-0.037,-0.058,0.147,0.146,0.118,0.022,0.18,-0.079,0.174,-0.033,0.066,-0.111,-0.029,-0.054,0.016,0.016,0.022,-0.089,0.04,-0.031,0.154,0.034,0.038,0.027,0.013,0.05,0.119,0.025,-0.046,-0.074,-0.042,-0.046,-0.034,-0.132,-0.062,-0.085,-0.044,-0.009,-0.042,-0.085,-0.111,-0.005,0.039,0.021,-0.245,-0.049,-0.042,-0.074,0.005,0.017,-0.091,-0.024,0.022,0.007,-0.045,0.092,-0.0,-0.016,-0.01,0.012,0.217,0.102,0.1,0.11,0.049,0.12,0.088,0.195,0.13,0.243,0.031,0.191,0.038,0.075,0.02,0.197,0.179,-0.026,-0.157,-0.133,0.007,0.039,-0.115,-0.044,0.005,-0.052,0.092,0.121,-0.065,-0.243,-0.183,-0.037,-0.018,0.171,-0.053,-0.027,-0.037,-0.127,0.141,0.231,-0.089,-0.042,-0.191,-0.127,0.005,-0.033,0.035,-0.103,0.246,0.229,0.089,-0.107,-0.15,-0.231,-0.089,-0.015,-0.07,-0.0,0.114,-0.067,0.049,-0.041,0.018,0.011,-0.126,-0.08,0.058,-0.067,-0.033,0.192,-0.122,-0.06,-0.135,0.024,-0.195,-0.168,-0.139,-0.215,-0.059,-0.115
ctx-lh-7Networks_LH_Default_pCunPCC_1,,,,,,,,,,,,,,,,,,,,,,,,,,,,,,,,,,,,,,,,,,,,,,,,,,,,,,,,,,,,,,,,,,,,,,,,,,,,,,,,,,,,,,,,,,,,,,,,,,,,,,,,,,,,,,,,,,,,,,,,,,,,,,,,,,,,,,,,,,,,,,,,-0.021,-0.083,0.062,0.145,0.138,0.02,0.108,-0.022,-0.04,-0.194,-0.15,-0.175,-0.026,-0.068,-0.231,-0.005,-0.05,-0.178,-0.115,-0.002,-0.002,-0.112,-0.156,-0.078,-0.012,-0.167,-0.229,-0.081,0.085,-0.153,-0.154,-0.157,-0.211,-0.21,-0.171,-0.161,-0.268,-0.094,-0.275,-0.2,-0.147,-0.289,-0.227,-0.158,-0.238,-0.268,-0.302,-0.207,-0.232,-0.211,-0.215,-0.251,-0.088,-0.175,-0.127,-0.18,-0.251,-0.281,-0.054,0.028,-0.05,0.137,0.09,-0.108,0.082,0.064,-0.21,0.006,0.01,-0.202,-0.186,-0.178,-0.08,0.113,-0.171,0.053,0.11,-0.147,-0.193,-0.119,-0.039,0.021,0.019,-0.129,0.129,-0.073,-0.06,0.184,-0.073,-0.042,0.017,-0.163,-0.139,-0.048,0.024,0.048,0.056,0.007,-0.032,0.073,-0.011,-0.013,-0.073,-0.021,0.122,0.218,0.191,0.103,0.103,0.173,0.105,0.31,0.211,0.29,0.236,0.144,0.087,0.202,0.145,0.276,0.156,0.133,0.116,0.248,0.175,0.156,0.011,-0.018,0.097,0.083,0.175,0.21,-0.006,0.014,-0.103,0.017,0.116,-0.198,0.224,0.175,0.334,0.046,-0.008,0.073,0.122,0.043,0.034,0.178,0.116,0.189,0.168,-0.042,-0.068,0.053,0.212,0.106,-0.049
ctx-lh-7Networks_LH_Default_pCunPCC_2,,,,,,,,,,,,,,,,,,,,,,,,,,,,,,,,,,,,,,,,,,,,,,,,,,,,,,,,,,,,,,,,,,,,,,,,,,,,,,,,,,,,,,,,,,,,,,,,,,,,,,,,,,,,,,,,,,,,,,,,,,,,,,,,,,,,,,,,,,,,,,,,,-0.032,-0.032,-0.0,0.053,0.039,-0.021,-0.009,-0.018,-0.097,-0.086,-0.066,-0.048,-0.038,-0.074,-0.087,-0.14,-0.012,-0.01,-0.086,0.031,-0.021,0.003,-0.049,0.046,-0.075,-0.043,0.018,0.145,-0.018,-0.116,-0.041,-0.147,-0.182,-0.123,-0.081,-0.189,-0.112,-0.23,-0.187,-0.139,-0.216,-0.119,-0.108,-0.123,-0.116,-0.175,-0.135,-0.161,-0.132,-0.175,-0.09,-0.078,-0.095,0.006,-0.092,-0.152,-0.113,-0.072,0.024,0.003,0.131,0.172,-0.047,0.07,0.149,-0.103,0.025,0.082,-0.107,-0.142,-0.143,-0.042,0.065,-0.091,0.031,0.096,-0.031,-0.139,-0.172,-0.088,0.058,0.04,-0.097,-0.0,-0.093,-0.075,0.248,-0.005,0.064,0.039,-0.1,-0.116,0.011,0.064,0.11,-0.009,0.017,0.013,0.045,-0.017,0.051,-0.081,0.017,0.133,0.187,0.179,0.147,0.099,0.128,0.069,0.333,0.112,0.203,0.231,0.098,0.042,0.228,0.147,0.216,0.101,0.025,0.03,0.1,0.148,0.043,-0.037,0.038,0.065,0.035,0.156,0.197,0.04,0.036,-0.022,0.036,0.177,-0.073,0.315,0.211,0.312,-0.02,-0.0,-0.004,0.116,0.019,0.012,0.176,0.102,0.143,0.145,-0.006,-0.04,-0.026,0.119,0.07,-0.049
ctx-lh-7Networks_LH_Default_pCunPCC_3,,,,,,,,,,,,,,,,,,,,,,,,,,,,,,,,,,,,,,,,,,,,,,,,,,,,,,,,,,,,,,,,,,,,,,,,,,,,,,,,,,,,,,,,,,,,,,,,,,,,,,,,,,,,,,,,,,,,,,,,,,,,,,,,,,,,,,,,,,,,,,,,,,0.002,0.072,0.1,0.002,0.004,-0.029,-0.04,-0.158,-0.124,-0.126,-0.103,-0.076,-0.226,-0.032,-0.095,-0.095,-0.041,-0.004,0.066,-0.102,-0.121,0.025,0.069,-0.087,-0.142,0.038,0.206,-0.038,-0.075,-0.057,-0.146,-0.126,-0.078,-0.077,-0.179,-0.108,-0.172,-0.201,-0.121,-0.237,-0.213,-0.173,-0.13,-0.195,-0.218,-0.145,-0.12,-0.162,-0.193,-0.157,-0.07,-0.115,-0.153,-0.163,-0.219,-0.164,0.004,0.011,-0.009,0.125,0.141,-0.089,0.154,0.08,-0.114,0.018,0.065,-0.151,-0.141,-0.197,-0.032,0.037,-0.111,0.043,0.054,-0.153,-0.133,-0.076,-0.018,-0.031,-0.039,-0.098,0.106,-0.051,-0.127,0.136,-0.064,-0.049,0.011,-0.148,-0.117,-0.118,0.052,0.073,0.072,0.043,-0.009,0.012,-0.015,-0.042,-0.082,0.029,0.094,0.181,0.124,0.071,0.153,0.166,0.109,0.243,0.151,0.213,0.19,0.087,-0.028,0.155,0.06,0.171,0.07,0.086,0.091,0.154,0.191,0.1,0.021,-0.084,-0.004,0.043,0.062,0.094,0.014,-0.006,-0.075,0.029,0.043,-0.17,0.203,0.173,0.241,0.07,0.059,0.048,0.055,0.008,0.023,0.059,0.057,0.089,0.058,-0.045,-0.033,-0.028,0.139,0.021,-0.089
ctx-lh-7Networks_LH_Default_pCunPCC_4,,,,,,,,,,,,,,,,,,,,,,,,,,,,,,,,,,,,,,,,,,,,,,,,,,,,,,,,,,,,,,,,,,,,,,,,,,,,,,,,,,,,,,,,,,,,,,,,,,,,,,,,,,,,,,,,,,,,,,,,,,,,,,,,,,,,,,,,,,,,,,,,,,,-0.002,-0.004,0.012,-0.062,0.069,0.008,-0.008,0.07,-0.028,-0.034,0.045,-0.028,0.016,-0.033,0.006,-0.078,-0.002,0.141,-0.002,-0.01,0.106,0.04,0.102,0.006,0.131,0.075,0.042,-0.122,0.007,-0.073,-0.133,-0.101,-0.076,-0.086,-0.11,-0.201,-0.139,-0.117,-0.158,-0.095,-0.138,-0.128,-0.071,-0.11,-0.123,-0.151,-0.151,-0.134,-0.015,-0.046,-0.102,-0.032,-0.105,-0.135,-0.074,-0.167,-0.055,-0.026,0.016,0.004,-0.145,-0.028,0.012,-0.126,-0.036,-0.076,-0.116,-0.181,-0.173,-0.115,-0.021,-0.111,-0.083,0.084,0.005,-0.144,-0.152,-0.134,-0.01,-0.018,-0.12,-0.035,-0.092,-0.029,0.16,-0.056,0.011,0.014,-0.071,-0.14,0.005,-0.015,0.004,-0.047,-0.048,0.049,0.027,0.036,0.121,-0.151,-0.012,0.071,0.063,0.038,0.021,0.013,0.031,0.008,0.235,0.087,0.021,0.146,-0.026,0.069,0.055,0.027,0.133,-0.005,-0.05,-0.07,0.071,0.133,-0.05,-0.03,0.04,0.078,0.017,0.008,0.127,0.081,0.004,-0.029,0.151,0.083,-0.024,0.256,0.211,0.317,-0.056,0.027,-0.05,0.101,0.139,-0.014,0.127,0.087,0.06,0.06,0.09,0.0,-0.07,0.019,0.013,-0.024
ctx-lh-7Networks_LH_Default_pCunPCC_5,,,,,,,,,,,,,,,,,,,,,,,,,,,,,,,,,,,,,,,,,,,,,,,,,,,,,,,,,,,,,,,,,,,,,,,,,,,,,,,,,,,,,,,,,,,,,,,,,,,,,,,,,,,,,,,,,,,,,,,,,,,,,,,,,,,,,,,,,,,,,,,,,,,,0.042,-0.042,0.031,0.043,0.131,0.018,-0.018,-0.013,-0.056,-0.014,0.013,-0.014,-0.074,-0.012,0.14,-0.006,0.049,-0.03,0.0,0.031,0.133,0.04,0.046,0.182,0.233,0.148,0.101,0.209,-0.042,0.038,0.084,0.134,0.009,-0.095,0.033,0.147,0.088,0.072,0.108,-0.027,0.11,0.054,0.065,0.125,0.189,0.18,0.091,0.144,0.054,0.081,0.007,0.085,0.026,0.052,-0.012,0.001,0.034,0.225,0.078,0.101,0.297,0.049,0.097,0.111,0.08,0.123,0.023,-0.007,0.069,0.183,0.144,0.08,-0.029,-0.183,0.004,-0.053,-0.089,-0.062,-0.199,-0.098,-0.048,-0.065,-0.124,-0.142,-0.114,-0.078,0.013,0.007,-0.101,-0.127,0.073,-0.043,-0.011,0.022,-0.065,-0.061,-0.041,-0.074,0.001,0.062,-0.126,-0.009,0.051,-0.044,0.011,0.061,-0.049,0.048,0.077,0.046,0.122,0.006,-0.04,0.104,-0.16,0.01,0.129,-0.14,0.133,-0.018,0.005,-0.107,-0.036,-0.091,0.034,0.113,0.043,-0.068,-0.073,-0.008,0.059,0.132,-0.002,0.071,0.004,-0.112,-0.056,0.058,0.033,0.008,0.025,-0.025,-0.192,0.028,-0.004,0.148,-0.066,0.12,0.116,-0.001,0.004,-0.077,0.083
ctx-lh-7Networks_LH_Default_pCunPCC_6,,,,,,,,,,,,,,,,,,,,,,,,,,,,,,,,,,,,,,,,,,,,,,,,,,,,,,,,,,,,,,,,,,,,,,,,,,,,,,,,,,,,,,,,,,,,,,,,,,,,,,,,,,,,,,,,,,,,,,,,,,,,,,,,,,,,,,,,,,,,,,,,,,,,,-0.018,0.01,0.129,0.055,0.05,0.089,0.046,0.021,0.071,0.049,-0.036,-0.048,0.087,0.049,-0.011,0.119,-0.012,0.083,0.144,0.105,0.168,0.174,0.144,0.107,0.151,-0.143,0.013,-0.114,-0.123,-0.082,-0.058,-0.132,-0.164,-0.159,-0.096,-0.063,-0.102,-0.078,-0.074,-0.062,-0.078,-0.081,-0.093,-0.004,-0.107,-0.029,0.047,-0.034,-0.08,0.088,-0.043,-0.089,0.027,-0.023,0.016,0.041,0.092,0.095,-0.054,0.062,0.067,-0.052,-0.019,0.039,-0.07,-0.097,-0.135,-0.082,-0.012,-0.076,-0.035,0.071,-0.022,-0.184,-0.133,-0.084,-0.068,-0.035,-0.137,-0.097,-0.129,-0.158,0.106,-0.161,0.054,0.016,-0.015,-0.174,-0.018,0.037,0.121,0.013,-0.005,0.009,0.073,0.041,0.033,-0.076,0.011,0.06,0.102,0.127,0.043,-0.018,0.054,0.022,0.207,0.057,0.044,0.149,-0.039,-0.009,0.157,0.016,0.095,0.045,0.002,-0.025,0.026,0.059,-0.162,-0.176,0.025,0.086,0.076,0.073,0.12,0.056,0.034,-0.003,0.123,0.089,0.009,0.188,0.112,0.158,0.019,0.032,-0.033,0.087,-0.013,-0.063,0.085,-0.009,0.103,0.019,0.183,0.11,-0.014,0.098,0.085,0.026
ctx-lh-7Networks_LH_Default_pCunPCC_7,,,,,,,,,,,,,,,,,,,,,,,,,,,,,,,,,,,,,,,,,,,,,,,,,,,,,,,,,,,,,,,,,,,,,,,,,,,,,,,,,,,,,,,,,,,,,,,,,,,,,,,,,,,,,,,,,,,,,,,,,,,,,,,,,,,,,,,,,,,,,,,,,,,,,,0.067,-0.006,-0.125,0.021,0.142,-0.022,0.053,0.064,0.18,-0.074,0.009,0.02,0.075,0.094,0.197,0.05,0.072,0.275,0.188,0.265,0.141,0.241,0.119,0.144,-0.139,0.175,-0.196,-0.116,-0.103,0.037,-0.092,-0.145,-0.121,0.096,0.064,0.065,0.055,0.018,0.099,-0.014,0.14,0.082,0.09,0.019,-0.057,0.014,-0.0,-0.009,0.057,0.051,0.016,0.087,-0.082,0.093,0.056,0.114,0.103,0.149,0.09,0.118,0.131,0.061,0.071,0.164,0.106,-0.0,0.095,0.06,0.05,0.029,-0.0,0.04,-0.133,-0.105,-0.059,0.007,-0.161,-0.178,-0.062,-0.116,-0.081,-0.02,-0.096,0.037,0.048,0.026,-0.093,0.019,-0.051,-0.164,-0.136,-0.053,-0.038,-0.089,-0.125,-0.067,-0.14,-0.138,0.09,0.066,0.091,-0.088,-0.113,-0.06,0.026,-0.012,0.071,-0.056,-0.05,-0.001,-0.011,0.014,0.038,0.009,0.035,-0.096,0.046,-0.16,-0.063,-0.125,-0.085,0.057,0.02,0.113,0.065,0.027,-0.1,-0.103,0.043,0.084,-0.023,0.075,-0.039,-0.078,-0.077,-0.182,-0.12,-0.199,0.003,-0.151,-0.193,-0.096,-0.09,0.05,-0.07,0.002,-0.002,-0.047,-0.063,-0.04,0.108
ctx-lh-7Networks_LH_Default_pCunPCC_8,,,,,,,,,,,,,,,,,,,,,,,,,,,,,,,,,,,,,,,,,,,,,,,,,,,,,,,,,,,,,,,,,,,,,,,,,,,,,,,,,,,,,,,,,,,,,,,,,,,,,,,,,,,,,,,,,,,,,,,,,,,,,,,,,,,,,,,,,,,,,,,,,,,,,,,0.131,0.063,0.074,0.093,0.004,0.043,0.053,0.047,-0.061,-0.061,-0.041,0.021,-0.063,0.108,-0.043,-0.019,0.069,0.109,0.076,0.046,0.163,0.162,0.145,-0.056,0.013,-0.07,-0.141,-0.088,0.021,-0.1,-0.09,-0.176,-0.109,-0.076,-0.116,-0.053,-0.1,-0.079,0.033,-0.081,0.048,-0.073,-0.157,-0.024,0.023,-0.009,-0.065,0.019,-0.088,-0.173,-0.025,-0.074,-0.018,-0.042,-0.01,0.003,-0.016,0.086,0.05,-0.041,0.048,0.019,0.01,-0.073,-0.121,0.013,0.082,0.012,0.021,0.027,0.019,-0.082,-0.024,-0.001,-0.015,-0.062,-0.091,0.033,-0.012,-0.011,0.068,0.011,-0.0,0.108,0.045,-0.071,-0.035,-0.035,0.064,-0.084,0.044,0.026,-0.012,0.012,-0.033,-0.086,0.039,0.044,-0.018,-0.006,-0.126,0.028,0.039,-0.0,0.123,0.062,-0.007,0.068,-0.01,0.056,0.057,-0.029,-0.012,-0.047,-0.068,-0.127,0.054,0.041,-0.022,-0.015,-0.009,-0.098,0.053,-0.174,-0.078,-0.008,-0.125,-0.037,0.09,-0.027,0.023,0.136,0.102,0.19,-0.055,-0.036,-0.042,0.035,-0.008,-0.018,-0.04,0.04,-0.003,-0.017,0.111,0.025,-0.136,-0.074,-0.174,0.052
ctx-rh-7Networks_RH_Vis_1,,,,,,,,,,,,,,,,,,,,,,,,,,,,,,,,,,,,,,,,,,,,,,,,,,,,,,,,,,,,,,,,,,,,,,,,,,,,,,,,,,,,,,,,,,,,,,,,,,,,,,,,,,,,,,,,,,,,,,,,,,,,,,,,,,,,,,,,,,,,,,,,,,,,,,,,-0.043,-0.15,-0.171,-0.055,-0.059,-0.095,-0.125,0.026,0.053,-0.114,-0.148,-0.069,-0.132,-0.016,-0.135,-0.229,-0.219,-0.155,-0.1,-0.216,-0.13,-0.131,-0.033,-0.101,0.022,-0.067,-0.055,-0.14,0.041,-0.014,-0.085,-0.13,-0.037,-0.117,-0.118,-0.077,-0.116,0.101,-0.057,-0.058,-0.019,0.009,0.052,0.058,-0.122,0.009,0.008,0.034,0.105,0.094,-0.031,0.007,-0.076,0.023,-0.028,-0.064,-0.028,0.002,-0.014,0.06,-0.084,-0.035,0.136,0.06,-0.009,0.128,0.043,-0.067,0.037,-0.06,-0.009,-0.039,0.019,-0.065,0.011,0.014,-0.027,-0.069,-0.051,-0.073,0.016,0.028,0.103,0.111,0.019,0.071,0.085,0.05,0.057,0.064,-0.011,0.042,-0.004,0.037,-0.063,-0.061,-0.005,0.088,0.046,0.1,0.004,0.01,-0.162,-0.085,0.003,-0.003,-0.057,0.004,-0.005,-0.091,0.033,0.028,0.096,0.135,0.187,0.099,0.039,0.095,0.021,-0.009,0.022,0.034,0.123,0.044,-0.046,-0.009,-0.08,-0.197,0.016,-0.134,0.008,-0.041,-0.101,-0.052,-0.073,0.017,-0.06,-0.043,0.016,0.061,0.112,0.118,0.054,0.025,-0.012,0.055,0.122,0.118,0.055
ctx-rh-7Networks_RH_Vis_2,,,,,,,,,,,,,,,,,,,,,,,,,,,,,,,,,,,,,,,,,,,,,,,,,,,,,,,,,,,,,,,,,,,,,,,,,,,,,,,,,,,,,,,,,,,,,,,,,,,,,,,,,,,,,,,,,,,,,,,,,,,,,,,,,,,,,,,,,,,,,,,,,,,,,,,,,-0.098,-0.078,-0.128,-0.059,0.024,-0.106,0.093,-0.03,0.011,0.022,-0.059,-0.12,0.042,-0.077,-0.085,0.0,-0.071,-0.035,-0.03,0.056,0.055,-0.017,-0.084,-0.12,-0.049,-0.004,-0.086,-0.032,-0.126,-0.096,-0.173,-0.003,-0.121,-0.115,-0.046,-0.11,-0.102,-0.177,-0.028,-0.08,-0.058,-0.143,-0.149,-0.105,-0.061,-0.049,-0.129,-0.001,-0.149,0.086,0.04,-0.003,0.066,-0.008,-0.092,0.096,0.041,-0.009,0.1,0.007,-0.025,-0.01,-0.066,-0.038,0.044,-0.05,-0.031,0.07,-0.153,-0.015,0.002,-0.003,0.012,-0.043,-0.073,0.001,-0.154,-0.162,0.011,-0.097,-0.041,-0.003,-0.032,-0.016,-0.001,0.159,0.075,0.018,0.046,0.038,-0.01,0.016,0.07,-0.015,0.017,0.01,0.099,0.064,0.156,0.027,0.018,0.001,0.016,0.023,0.085,0.037,0.048,-0.072,0.01,0.08,0.105,0.0,0.189,0.081,0.115,-0.012,0.038,-0.001,0.005,-0.027,-0.023,0.088,0.045,0.029,0.022,-0.128,-0.023,0.04,-0.152,0.076,-0.026,0.007,0.042,0.011,0.078,-0.046,-0.064,0.048,0.008,0.016,0.078,0.014,-0.005,-0.041,0.068,0.123,0.051,0.013
ctx-rh-7Networks_RH_Vis_3,,,,,,,,,,,,,,,,,,,,,,,,,,,,,,,,,,,,,,,,,,,,,,,,,,,,,,,,,,,,,,,,,,,,,,,,,,,,,,,,,,,,,,,,,,,,,,,,,,,,,,,,,,,,,,,,,,,,,,,,,,,,,,,,,,,,,,,,,,,,,,,,,,,,,,,,,,-0.21,-0.123,-0.16,-0.301,-0.315,0.041,-0.025,-0.243,-0.169,0.012,-0.142,-0.074,-0.281,-0.226,-0.28,-0.209,-0.263,-0.287,-0.194,-0.283,0.112,-0.037,0.028,-0.084,0.052,-0.04,-0.038,0.064,0.012,-0.14,-0.04,-0.137,-0.087,-0.023,-0.179,0.005,-0.076,-0.142,-0.169,-0.031,-0.115,-0.081,0.006,-0.088,-0.127,0.081,0.033,-0.115,-0.005,0.035,0.019,-0.041,-0.038,-0.054,-0.114,-0.131,-0.149,-0.087,-0.103,-0.109,-0.064,-0.038,0.003,0.012,-0.022,-0.044,0.077,0.104,0.059,-0.007,0.138,-0.019,0.079,0.187,0.045,0.092,0.094,0.05,0.11,-0.008,-0.008,-0.091,0.117,0.093,0.153,0.035,0.044,0.163,-0.008,0.004,-0.029,0.114,-0.052,0.003,0.151,0.153,0.092,0.133,0.021,0.141,0.013,-0.013,0.136,0.053,-0.033,0.212,0.143,-0.104,0.045,0.041,0.076,0.033,0.08,0.112,-0.009,0.2,0.127,0.106,0.036,0.006,0.129,0.133,-0.018,0.053,-0.04,0.032,0.063,-0.026,0.06,0.022,-0.018,0.103,-0.06,0.162,-0.037,0.038,0.05,0.051,0.087,0.054,0.083,-0.231,-0.186,-0.076,0.042,0.071,-0.029
ctx-rh-7Networks_RH_Vis_4,,,,,,,,,,,,,,,,,,,,,,,,,,,,,,,,,,,,,,,,,,,,,,,,,,,,,,,,,,,,,,,,,,,,,,,,,,,,,,,,,,,,,,,,,,,,,,,,,,,,,,,,,,,,,,,,,,,,,,,,,,,,,,,,,,,,,,,,,,,,,,,,,,,,,,,,,,,-0.065,-0.095,-0.137,-0.183,-0.039,-0.019,-0.165,-0.206,-0.046,-0.206,-0.031,-0.19,-0.302,-0.315,-0.243,-0.198,-0.258,-0.215,-0.281,0.028,-0.076,-0.009,-0.064,-0.05,-0.12,-0.078,0.115,-0.046,-0.123,-0.085,-0.115,-0.073,-0.013,-0.128,0.053,-0.009,-0.1,-0.142,0.047,-0.041,-0.003,-0.012,-0.133,-0.085,0.12,0.009,0.03,-0.127,-0.009,-0.041,-0.089,-0.066,-0.075,-0.16,-0.096,-0.112,-0.017,-0.165,-0.1,-0.049,0.076,0.001,0.089,0.099,-0.074,-0.011,0.017,-0.018,-0.008,0.073,-0.041,0.013,0.047,-0.017,0.036,0.135,-0.05,0.108,-0.044,0.011,-0.011,0.069,0.087,-0.033,-0.104,-0.013,-0.094,0.022,-0.001,0.011,0.076,0.012,-0.035,0.043,0.111,0.013,0.11,0.04,-0.049,-0.194,-0.089,0.136,-0.016,-0.131,0.083,0.138,-0.235,0.024,0.056,0.115,-0.04,0.067,0.017,-0.061,0.162,0.096,-0.014,0.039,-0.084,0.156,0.143,0.025,0.069,-0.105,-0.027,0.04,-0.032,-0.06,-0.007,-0.025,0.004,-0.115,0.101,0.049,0.091,0.107,0.109,0.13,0.095,0.143,-0.199,-0.15,-0.029,0.103,0.052,-0.063
ctx-rh-7Networks_RH_Vis_5,,,,,,,,,,,,,,,,,,,,,,,,,,,,,,,,,,,,,,,,,,,,,,,,,,,,,,,,,,,,,,,,,,,,,,,,,,,,,,,,,,,,,,,,,,,,,,,,,,,,,,,,,,,,,,,,,,,,,,,,,,,,,,,,,,,,,,,,,,,,,,,,,,,,,,,,,,,,-0.022,-0.177,-0.208,-0.037,0.017,-0.157,-0.078,-0.004,-0.054,-0.059,-0.173,-0.151,-0.05,-0.166,-0.207,-0.1,0.032,-0.077,0.068,-0.015,-0.023,0.002,0.042,-0.017,0.019,0.095,0.008,-0.004,0.097,-0.061,-0.051,0.042,0.046,0.044,-0.083,-0.041,0.022,0.058,0.022,-0.036,-0.159,0.081,-0.015,0.043,0.048,-0.046,0.021,0.118,-0.061,0.079,0.011,0.054,0.086,-0.051,-0.045,0.023,0.047,0.004,-0.03,-0.013,0.063,0.096,0.057,0.13,0.073,0.003,0.072,0.021,0.128,0.082,-0.017,0.034,0.137,0.061,0.03,0.064,0.102,0.048,0.041,-0.004,0.067,0.012,0.068,-0.071,-0.001,0.058,-0.139,-0.065,-0.079,-0.05,-0.06,0.001,0.061,0.008,0.045,0.076,0.033,0.039,-0.033,0.061,0.159,0.155,0.16,0.167,0.094,0.103,0.08,0.065,0.056,0.042,0.011,0.034,0.08,0.141,0.113,-0.027,-0.002,-0.001,0.079,0.071,-0.055,-0.03,-0.054,-0.049,0.03,-0.049,-0.018,0.04,0.09,0.086,0.052,0.062,0.012,0.06,0.146,0.053,0.02,0.124,-0.006,-0.155,-0.124,-0.082,0.096,-0.0,-0.043
ctx-rh-7Networks_RH_Vis_6,,,,,,,,,,,,,,,,,,,,,,,,,,,,,,,,,,,,,,,,,,,,,,,,,,,,,,,,,,,,,,,,,,,,,,,,,,,,,,,,,,,,,,,,,,,,,,,,,,,,,,,,,,,,,,,,,,,,,,,,,,,,,,,,,,,,,,,,,,,,,,,,,,,,,,,,,,,,,-0.069,-0.08,0.082,0.162,-0.047,-0.323,0.052,-0.163,0.023,-0.127,-0.216,-0.316,-0.176,-0.179,-0.287,-0.283,-0.294,-0.014,-0.158,-0.081,-0.177,-0.056,-0.24,-0.019,0.025,-0.112,-0.128,-0.076,-0.031,-0.087,-0.009,-0.101,-0.006,-0.062,-0.14,-0.078,0.036,-0.032,-0.026,-0.073,-0.078,0.006,0.116,0.066,0.056,-0.156,-0.019,-0.122,-0.093,-0.036,-0.115,-0.204,-0.091,-0.138,0.004,-0.139,-0.046,0.047,0.023,0.029,0.133,0.059,-0.074,-0.079,-0.042,-0.049,-0.078,-0.02,-0.107,0.032,0.075,-0.088,-0.017,0.081,-0.039,0.031,0.027,-0.013,0.004,0.05,0.055,0.053,-0.06,0.011,0.02,0.06,-0.072,0.084,0.152,-0.005,0.07,-0.036,0.083,-0.034,0.166,0.061,0.012,-0.087,-0.046,0.046,-0.009,-0.184,0.189,0.1,-0.163,0.083,0.045,0.079,-0.003,0.062,0.073,-0.01,0.132,0.103,-0.139,-0.043,-0.14,0.04,0.044,0.01,0.083,-0.115,-0.151,0.019,-0.104,0.002,-0.065,-0.103,0.019,-0.056,0.086,-0.004,-0.004,0.094,0.046,0.08,0.052,0.083,-0.061,-0.175,-0.071,0.061,-0.031,-0.058
ctx-rh-7Networks_RH_Vis_7,,,,,,,,,,,,,,,,,,,,,,,,,,,,,,,,,,,,,,,,,,,,,,,,,,,,,,,,,,,,,,,,,,,,,,,,,,,,,,,,,,,,,,,,,,,,,,,,,,,,,,,,,,,,,,,,,,,,,,,,,,,,,,,,,,,,,,,,,,,,,,,,,,,,,,,,,,,,,,-0.302,-0.036,0.05,-0.203,-0.147,-0.063,-0.093,-0.202,-0.272,-0.27,-0.241,-0.403,-0.311,-0.278,-0.104,-0.343,0.017,-0.079,-0.05,-0.067,-0.042,-0.002,-0.141,0.121,-0.072,-0.057,-0.109,-0.072,-0.17,-0.058,-0.213,-0.041,-0.122,-0.195,-0.195,-0.023,-0.106,-0.035,-0.054,-0.141,-0.094,-0.006,-0.085,-0.117,0.003,0.06,0.069,0.012,0.025,-0.044,-0.043,-0.044,-0.137,-0.105,-0.028,-0.163,-0.061,-0.063,0.05,0.087,-0.004,0.077,0.132,0.045,-0.035,-0.025,0.097,0.098,0.121,0.098,0.155,0.144,0.164,0.143,0.105,-0.055,0.003,-0.156,0.046,0.06,0.007,-0.019,-0.02,0.033,-0.024,-0.004,0.017,0.009,-0.001,-0.012,0.098,0.126,0.132,0.061,0.055,0.172,0.012,0.144,0.237,0.18,0.074,0.212,0.239,0.005,0.054,0.143,0.119,-0.036,0.034,0.083,0.04,0.21,0.117,0.131,0.102,0.039,0.105,0.126,-0.017,0.007,-0.005,-0.026,0.068,-0.022,0.06,0.131,0.159,0.082,-0.058,0.098,0.095,0.066,0.112,0.119,0.033,0.103,0.15,-0.136,-0.067,-0.031,0.08,0.063,-0.031
ctx-rh-7Networks_RH_Vis_8,,,,,,,,,,,,,,,,,,,,,,,,,,,,,,,,,,,,,,,,,,,,,,,,,,,,,,,,,,,,,,,,,,,,,,,,,,,,,,,,,,,,,,,,,,,,,,,,,,,,,,,,,,,,,,,,,,,,,,,,,,,,,,,,,,,,,,,,,,,,,,,,,,,,,,,,,,,,,,,-0.027,0.04,-0.446,-0.184,0.029,-0.106,-0.186,-0.442,-0.209,-0.14,-0.292,-0.476,-0.248,-0.069,-0.317,-0.048,-0.113,-0.045,-0.073,-0.12,-0.003,-0.158,0.081,-0.061,-0.102,-0.121,-0.205,-0.155,-0.062,-0.23,-0.09,-0.189,-0.174,-0.192,-0.1,-0.125,-0.172,-0.102,-0.095,-0.092,-0.016,-0.148,-0.148,-0.005,0.094,-0.004,0.045,0.046,0.023,0.002,-0.05,-0.134,-0.089,-0.001,-0.148,-0.133,-0.153,0.043,0.095,-0.089,0.095,0.127,0.074,-0.013,0.055,0.162,0.147,0.125,0.082,0.153,0.141,0.203,0.129,0.158,0.025,0.002,-0.091,0.11,0.094,0.064,0.001,0.11,0.036,-0.015,-0.016,-0.076,-0.003,-0.021,-0.084,0.221,0.159,0.118,0.029,0.041,0.097,-0.021,0.13,0.186,0.163,0.086,0.256,0.211,0.039,0.056,0.106,0.102,0.03,0.03,0.191,0.102,0.291,0.217,0.133,0.136,0.075,0.069,0.133,-0.058,-0.014,-0.053,-0.075,0.019,-0.062,0.079,0.167,0.153,0.05,-0.101,0.081,0.063,0.052,0.089,0.089,0.071,0.127,0.126,-0.242,-0.191,-0.06,0.13,0.036,-0.064
ctx-rh-7Networks_RH_Vis_9,,,,,,,,,,,,,,,,,,,,,,,,,,,,,,,,,,,,,,,,,,,,,,,,,,,,,,,,,,,,,,,,,,,,,,,,,,,,,,,,,,,,,,,,,,,,,,,,,,,,,,,,,,,,,,,,,,,,,,,,,,,,,,,,,,,,,,,,,,,,,,,,,,,,,,,,,,,,,,,,0.036,-0.004,0.118,-0.146,-0.003,-0.168,-0.025,-0.097,-0.043,-0.096,0.062,-0.017,-0.033,0.017,0.082,-0.005,-0.081,-0.021,0.093,-0.037,-0.074,0.03,-0.074,0.021,0.054,0.034,-0.015,0.035,0.075,0.05,0.039,0.062,0.108,0.108,0.113,0.198,-0.008,0.031,0.08,0.121,0.045,0.153,0.011,0.129,0.083,0.04,0.004,0.023,0.14,-0.001,0.077,0.102,0.079,0.102,0.027,0.149,0.069,0.159,0.118,0.062,0.011,0.026,-0.039,-0.058,-0.037,0.009,0.022,0.039,-0.042,0.021,0.054,-0.067,0.003,-0.023,-0.02,-0.006,0.053,0.047,-0.004,-0.099,-0.083,-0.065,-0.037,-0.02,-0.053,-0.033,0.005,0.028,-0.176,0.001,0.005,0.058,-0.086,-0.104,-0.134,-0.056,0.014,0.014,-0.103,0.008,0.024,-0.062,-0.053,-0.014,-0.032,-0.014,0.006,-0.137,-0.08,-0.066,-0.019,-0.136,-0.014,-0.016,0.027,0.024,-0.007,-0.002,0.036,0.008,0.002,0.012,-0.061,-0.096,0.016,0.027,-0.086,-0.094,0.033,-0.055,-0.092,0.045,-0.118,-0.04,-0.027,-0.078,0.019,-0.023,-0.042,-0.061,-0.083
ctx-rh-7Networks_RH_Vis_10,,,,,,,,,,,,,,,,,,,,,,,,,,,,,,,,,,,,,,,,,,,,,,,,,,,,,,,,,,,,,,,,,,,,,,,,,,,,,,,,,,,,,,,,,,,,,,,,,,,,,,,,,,,,,,,,,,,,,,,,,,,,,,,,,,,,,,,,,,,,,,,,,,,,,,,,,,,,,,,,,0.094,0.06,-0.093,-0.161,-0.007,0.097,-0.114,-0.204,-0.012,0.092,-0.117,-0.275,-0.016,0.097,0.053,-0.056,-0.077,0.144,-0.053,0.039,0.173,-0.004,0.029,0.035,0.039,0.05,0.093,0.079,0.107,0.154,0.111,0.155,0.178,0.105,0.156,0.02,0.077,0.088,0.201,0.092,0.175,-0.067,0.055,0.038,-0.105,-0.028,-0.031,-0.074,-0.03,0.075,0.032,-0.045,0.057,0.075,0.247,0.005,0.114,0.122,0.009,-0.033,0.082,0.008,0.055,0.039,0.009,0.006,0.034,-0.071,0.074,0.172,-0.099,0.087,0.07,0.041,0.127,0.123,0.112,0.056,-0.121,-0.027,-0.013,0.041,-0.035,0.086,0.077,0.067,0.058,-0.101,-0.038,-0.081,0.106,0.005,-0.114,-0.122,-0.116,-0.027,-0.106,-0.32,-0.0,0.057,-0.225,-0.033,-0.097,0.003,-0.047,-0.07,-0.073,-0.14,-0.055,-0.034,-0.102,-0.067,-0.126,-0.012,0.009,0.035,0.057,-0.006,0.007,0.059,0.096,-0.022,-0.091,-0.115,-0.024,-0.06,-0.021,0.007,-0.03,-0.02,-0.043,0.0,-0.057,0.04,-0.029,-0.094,-0.066,-0.06,-0.1,-0.076
ctx-rh-7Networks_RH_Vis_11,,,,,,,,,,,,,,,,,,,,,,,,,,,,,,,,,,,,,,,,,,,,,,,,,,,,,,,,,,,,,,,,,,,,,,,,,,,,,,,,,,,,,,,,,,,,,,,,,,,,,,,,,,,,,,,,,,,,,,,,,,,,,,,,,,,,,,,,,,,,,,,,,,,,,,,,,,,,,,,,,,-0.078,0.039,-0.006,-0.182,-0.407,-0.145,-0.05,-0.311,-0.4,-0.151,-0.006,-0.306,-0.027,-0.117,-0.07,-0.162,-0.078,-0.154,-0.161,0.002,-0.18,-0.098,-0.182,-0.175,-0.155,-0.079,-0.166,-0.124,-0.206,-0.189,-0.178,-0.097,-0.149,-0.169,-0.176,-0.125,-0.123,-0.053,-0.132,-0.192,0.016,0.1,-0.003,0.069,0.049,-0.034,0.042,0.013,-0.222,-0.041,0.028,-0.133,-0.146,-0.132,0.035,0.094,-0.002,0.053,0.092,0.013,-0.089,-0.01,0.129,0.054,0.146,0.013,0.157,0.071,0.053,0.22,0.039,0.004,-0.032,-0.115,0.008,0.041,0.061,-0.029,0.042,0.045,-0.104,0.042,-0.034,-0.017,0.051,-0.024,0.143,0.214,0.155,0.174,0.051,0.187,0.067,0.221,0.143,0.291,0.163,0.265,0.115,0.066,0.077,0.093,0.127,-0.019,0.05,0.159,0.121,0.159,0.089,0.036,0.061,0.111,0.082,0.104,-0.079,0.005,-0.042,-0.094,-0.051,-0.121,0.082,0.079,0.15,0.033,0.001,0.144,0.001,-0.005,0.075,0.077,0.028,0.137,0.03,-0.134,-0.083,-0.038,0.117,0.01,-0.124
ctx-rh-7Networks_RH_Vis_12,,,,,,,,,,,,,,,,,,,,,,,,,,,,,,,,,,,,,,,,,,,,,,,,,,,,,,,,,,,,,,,,,,,,,,,,,,,,,,,,,,,,,,,,,,,,,,,,,,,,,,,,,,,,,,,,,,,,,,,,,,,,,,,,,,,,,,,,,,,,,,,,,,,,,,,,,,,,,,,,,,,0.2,-0.05,0.128,-0.059,-0.112,-0.098,-0.151,-0.178,-0.189,-0.018,-0.204,0.024,-0.187,0.089,-0.029,0.01,-0.186,0.051,0.086,0.054,-0.146,-0.039,-0.103,-0.148,-0.096,-0.21,-0.07,-0.144,-0.229,-0.189,-0.141,-0.112,-0.15,-0.03,-0.173,-0.133,-0.076,-0.009,-0.123,-0.181,-0.017,-0.079,0.054,0.05,-0.064,-0.009,0.01,-0.178,0.017,-0.092,-0.073,0.04,-0.016,0.062,0.049,-0.111,0.093,0.049,0.001,0.076,0.1,0.132,0.004,0.106,0.209,0.085,0.109,0.122,0.027,0.101,0.022,0.14,0.007,0.035,0.038,0.046,-0.078,-0.057,0.066,-0.021,-0.016,0.042,0.03,-0.064,-0.031,0.151,0.238,0.187,0.033,0.072,0.034,-0.027,-0.105,0.015,0.083,0.005,0.134,0.159,-0.061,0.016,-0.014,-0.034,0.193,0.09,0.264,0.211,0.231,0.126,0.003,0.014,0.076,0.157,0.159,-0.082,-0.022,-0.104,-0.192,0.004,-0.109,-0.011,-0.048,-0.002,0.026,-0.045,0.13,-0.016,-0.033,0.134,-0.026,0.081,0.056,-0.024,0.002,-0.006,-0.032,0.235,0.043,0.023
ctx-rh-7Networks_RH_Vis_13,,,,,,,,,,,,,,,,,,,,,,,,,,,,,,,,,,,,,,,,,,,,,,,,,,,,,,,,,,,,,,,,,,,,,,,,,,,,,,,,,,,,,,,,,,,,,,,,,,,,,,,,,,,,,,,,,,,,,,,,,,,,,,,,,,,,,,,,,,,,,,,,,,,,,,,,,,,,,,,,,,,,-0.018,-0.121,0.105,-0.083,-0.019,0.026,0.199,0.051,-0.067,0.09,0.217,0.16,0.128,0.192,0.211,0.217,0.167,0.255,0.225,0.193,0.127,0.16,0.148,0.181,0.176,0.313,0.186,0.155,0.192,0.199,0.192,0.24,0.089,0.128,0.219,0.194,0.105,0.171,-0.031,0.084,0.15,-0.058,-0.004,0.049,-0.016,0.03,0.083,-0.023,0.038,-0.035,0.037,0.242,0.081,0.113,0.19,0.132,0.077,0.192,0.137,0.019,0.056,0.094,0.164,0.165,0.155,0.217,0.272,0.073,0.259,0.165,0.076,0.169,0.153,0.119,0.092,-0.112,-0.077,-0.013,-0.093,-0.127,-0.049,-0.037,-0.023,0.062,-0.124,0.006,0.011,-0.094,-0.018,-0.055,-0.064,0.001,0.149,0.053,-0.092,0.053,0.094,-0.057,-0.069,-0.073,0.01,0.011,-0.053,-0.014,-0.017,0.047,-0.002,-0.014,0.0,-0.048,-0.038,-0.004,-0.065,-0.096,0.054,0.081,-0.009,0.2,-0.127,-0.045,0.037,0.058,-0.112,0.013,0.049,0.0,-0.012,-0.009,-0.087,-0.003,0.067,-0.075,-0.026,0.006,-0.028,-0.018,-0.055
ctx-rh-7Networks_RH_Vis_14,,,,,,,,,,,,,,,,,,,,,,,,,,,,,,,,,,,,,,,,,,,,,,,,,,,,,,,,,,,,,,,,,,,,,,,,,,,,,,,,,,,,,,,,,,,,,,,,,,,,,,,,,,,,,,,,,,,,,,,,,,,,,,,,,,,,,,,,,,,,,,,,,,,,,,,,,,,,,,,,,,,,,0.083,0.038,-0.189,-0.229,-0.086,-0.022,-0.248,-0.23,-0.147,0.121,-0.037,0.03,-0.004,0.056,0.029,0.047,0.154,0.063,0.034,0.014,0.053,-0.004,-0.015,-0.051,0.084,0.034,-0.063,-0.027,0.071,-0.022,-0.001,0.068,0.002,-0.008,0.142,-0.009,0.044,-0.178,0.06,0.084,-0.027,0.018,-0.015,-0.192,-0.013,-0.04,-0.02,-0.142,-0.059,0.086,0.091,0.034,0.07,0.188,-0.044,0.12,0.127,0.052,-0.022,0.077,-0.029,0.059,0.134,-0.115,0.087,0.138,0.063,0.069,0.092,0.089,0.082,0.035,0.105,0.033,-0.086,0.028,0.06,-0.066,-0.088,-0.021,0.042,-0.026,-0.008,0.019,0.119,0.079,0.03,0.061,-0.055,-0.081,0.038,0.1,-0.041,-0.08,0.006,0.117,-0.106,-0.006,0.042,0.07,0.087,0.081,0.16,-0.053,0.077,0.106,0.105,0.154,0.005,0.152,0.176,0.049,0.084,0.007,0.002,0.055,0.08,-0.006,0.023,-0.041,0.052,-0.07,0.117,0.082,0.124,0.056,0.102,0.097,0.1,0.073,0.065,0.035,0.143,0.163,0.139,0.054
ctx-rh-7Networks_RH_Vis_15,,,,,,,,,,,,,,,,,,,,,,,,,,,,,,,,,,,,,,,,,,,,,,,,,,,,,,,,,,,,,,,,,,,,,,,,,,,,,,,,,,,,,,,,,,,,,,,,,,,,,,,,,,,,,,,,,,,,,,,,,,,,,,,,,,,,,,,,,,,,,,,,,,,,,,,,,,,,,,,,,,,,,,-0.123,-0.06,0.081,-0.129,-0.054,0.127,0.146,-0.031,0.077,0.075,0.071,0.082,0.102,0.178,0.015,0.212,0.126,0.169,0.088,0.092,0.057,0.056,0.001,0.15,0.036,0.093,0.02,0.063,0.094,0.1,0.019,0.077,0.04,0.156,0.023,0.077,0.059,0.115,0.142,0.054,0.089,0.142,0.216,0.086,0.032,0.019,0.206,0.077,0.017,0.156,0.201,0.186,0.138,0.197,0.132,0.163,0.128,0.074,0.104,0.16,0.113,0.173,0.187,0.251,0.218,0.132,0.16,0.072,0.075,0.044,0.157,0.071,0.041,-0.043,-0.061,-0.054,-0.144,-0.066,-0.073,-0.079,-0.022,-0.025,0.029,0.109,0.133,-0.106,0.014,0.112,-0.057,0.13,0.177,0.224,0.042,0.176,0.137,0.008,-0.069,-0.019,0.034,0.013,0.032,-0.017,0.03,0.122,0.12,0.101,0.048,0.056,-0.052,-0.029,-0.115,-0.031,0.09,0.09,0.05,0.088,0.037,0.059,0.089,-0.011,-0.064,0.025,0.016,-0.041,0.003,0.032,-0.1,0.004,0.018,-0.133,-0.051,-0.023,0.017,-0.038,-0.002
ctx-rh-7Networks_RH_Vis_16,,,,,,,,,,,,,,,,,,,,,,,,,,,,,,,,,,,,,,,,,,,,,,,,,,,,,,,,,,,,,,,,,,,,,,,,,,,,,,,,,,,,,,,,,,,,,,,,,,,,,,,,,,,,,,,,,,,,,,,,,,,,,,,,,,,,,,,,,,,,,,,,,,,,,,,,,,,,,,,,,,,,,,,-0.039,-0.004,-0.227,-0.406,-0.075,0.06,-0.257,-0.015,-0.049,-0.005,-0.054,-0.03,-0.022,-0.172,0.088,-0.041,-0.037,-0.064,-0.139,-0.14,-0.081,-0.173,-0.066,-0.166,-0.122,-0.197,-0.109,-0.114,-0.172,-0.103,-0.182,-0.22,0.048,-0.16,-0.176,-0.044,0.096,0.017,0.056,0.068,0.033,0.06,0.018,-0.19,-0.059,0.01,-0.148,-0.144,-0.074,0.059,0.071,-0.001,0.108,0.138,0.133,-0.002,0.078,0.181,0.082,0.195,0.155,0.216,0.21,0.154,0.208,0.06,0.012,-0.014,-0.103,0.085,0.045,-0.035,-0.032,-0.014,-0.038,-0.209,-0.025,-0.043,-0.137,-0.107,-0.028,0.216,0.198,0.166,0.02,0.056,0.168,0.003,0.144,0.079,0.275,0.102,0.224,0.086,0.015,0.073,0.102,0.008,0.034,0.032,0.147,0.127,0.206,0.118,0.044,0.076,0.121,0.073,0.099,-0.124,-0.016,-0.06,-0.057,0.051,-0.011,0.056,0.099,0.083,0.002,-0.037,0.075,-0.004,-0.043,0.084,0.044,0.036,0.082,0.073,-0.18,-0.146,-0.041,0.091,0.017,-0.105
ctx-rh-7Networks_RH_Vis_17,,,,,,,,,,,,,,,,,,,,,,,,,,,,,,,,,,,,,,,,,,,,,,,,,,,,,,,,,,,,,,,,,,,,,,,,,,,,,,,,,,,,,,,,,,,,,,,,,,,,,,,,,,,,,,,,,,,,,,,,,,,,,,,,,,,,,,,,,,,,,,,,,,,,,,,,,,,,,,,,,,,,,,,,-0.116,-0.119,-0.029,-0.289,-0.208,-0.167,0.121,0.029,0.115,0.095,0.119,0.084,0.107,0.27,0.112,0.128,0.01,0.07,-0.007,0.033,-0.016,0.116,0.04,-0.061,-0.024,0.068,0.001,0.058,0.057,-0.044,0.057,0.081,0.043,0.088,-0.279,-0.018,0.044,-0.014,0.012,-0.012,-0.227,-0.039,-0.029,-0.051,-0.129,-0.094,-0.031,0.017,0.007,0.026,0.069,0.101,0.153,0.116,0.03,0.054,0.066,0.054,0.097,0.098,0.095,0.129,0.233,0.12,0.136,0.104,0.035,0.056,0.018,0.044,0.084,-0.045,-0.041,0.045,-0.085,-0.047,-0.061,0.039,-0.014,-0.025,0.052,0.192,0.113,0.116,0.169,0.061,0.081,0.116,0.191,0.104,0.079,0.086,0.175,-0.005,0.099,0.102,0.057,0.053,0.015,0.092,-0.006,0.239,0.12,0.113,0.196,0.04,0.193,0.296,0.044,0.108,0.037,0.031,0.127,0.095,0.089,0.106,0.173,0.062,-0.098,0.238,0.145,0.166,0.072,0.163,0.131,0.145,0.2,-0.064,0.013,0.047,0.182,0.035,0.008
ctx-rh-7Networks_RH_Vis_18,,,,,,,,,,,,,,,,,,,,,,,,,,,,,,,,,,,,,,,,,,,,,,,,,,,,,,,,,,,,,,,,,,,,,,,,,,,,,,,,,,,,,,,,,,,,,,,,,,,,,,,,,,,,,,,,,,,,,,,,,,,,,,,,,,,,,,,,,,,,,,,,,,,,,,,,,,,,,,,,,,,,,,,,,-0.085,-0.001,-0.154,-0.047,-0.111,0.076,0.005,0.105,0.081,0.104,0.052,0.135,0.178,0.125,-0.007,0.021,0.033,-0.059,0.025,-0.116,0.025,-0.119,-0.01,-0.053,-0.084,-0.042,-0.099,0.03,-0.05,-0.024,-0.031,0.008,-0.033,-0.211,0.044,0.095,0.097,0.06,0.013,-0.045,0.051,-0.027,0.051,0.035,-0.065,0.119,0.08,0.088,0.021,-0.017,0.068,0.159,0.026,0.174,0.074,0.125,-0.041,0.072,0.206,0.075,0.139,0.159,0.037,0.171,0.175,0.175,0.146,0.06,0.068,0.091,-0.048,0.066,0.103,-0.023,-0.018,-0.025,0.033,-0.022,0.009,0.124,0.239,0.211,0.04,0.092,0.032,0.066,0.029,0.096,0.077,0.044,0.052,0.075,0.014,0.052,0.068,0.067,0.211,0.185,0.216,0.102,0.154,0.048,0.118,0.09,0.2,0.233,0.17,-0.022,0.036,0.017,-0.048,0.048,-0.047,-0.028,-0.064,-0.06,0.135,0.05,0.206,0.032,0.034,0.066,-0.012,0.097,0.12,-0.063,0.066,0.126,0.117,0.249,0.147,0.154
ctx-rh-7Networks_RH_Vis_19,,,,,,,,,,,,,,,,,,,,,,,,,,,,,,,,,,,,,,,,,,,,,,,,,,,,,,,,,,,,,,,,,,,,,,,,,,,,,,,,,,,,,,,,,,,,,,,,,,,,,,,,,,,,,,,,,,,,,,,,,,,,,,,,,,,,,,,,,,,,,,,,,,,,,,,,,,,,,,,,,,,,,,,,,,-0.165,-0.12,-0.053,-0.213,-0.03,-0.008,0.075,0.032,-0.009,0.001,-0.041,0.229,0.063,0.079,-0.052,-0.002,-0.048,0.033,-0.157,0.005,-0.064,-0.105,-0.2,-0.028,-0.1,-0.054,0.014,-0.08,-0.004,0.074,0.01,-0.019,-0.203,-0.049,0.041,0.072,0.046,-0.032,-0.057,-0.026,-0.136,-0.053,-0.055,-0.119,-0.043,-0.004,0.087,0.01,-0.02,0.14,0.118,0.107,0.052,0.062,0.102,0.102,0.146,0.093,0.144,0.141,0.208,0.118,0.075,0.039,0.043,0.008,0.041,0.049,0.002,-0.023,-0.014,0.088,-0.132,-0.104,-0.096,-0.048,-0.096,-0.076,0.186,0.232,0.202,-0.015,0.116,0.121,0.07,0.143,0.227,0.182,0.068,0.197,0.203,-0.011,0.097,0.101,0.042,0.06,0.088,0.186,0.054,0.265,0.113,0.188,0.202,0.144,0.223,0.268,-0.064,0.073,0.017,-0.009,0.112,0.076,0.112,0.138,0.17,0.091,0.01,0.233,0.175,0.206,0.11,0.157,0.117,0.107,0.122,-0.108,-0.04,0.071,0.198,0.105,0.08
ctx-rh-7Networks_RH_Vis_20,,,,,,,,,,,,,,,,,,,,,,,,,,,,,,,,,,,,,,,,,,,,,,,,,,,,,,,,,,,,,,,,,,,,,,,,,,,,,,,,,,,,,,,,,,,,,,,,,,,,,,,,,,,,,,,,,,,,,,,,,,,,,,,,,,,,,,,,,,,,,,,,,,,,,,,,,,,,,,,,,,,,,,,,,,,0.002,0.141,-0.198,-0.063,-0.16,-0.056,-0.162,-0.067,-0.051,-0.169,0.03,-0.167,-0.085,-0.212,-0.179,-0.146,-0.119,-0.328,-0.183,-0.248,-0.2,-0.337,-0.215,-0.21,-0.324,-0.106,-0.277,-0.221,-0.16,-0.257,-0.275,-0.105,-0.037,0.044,0.158,0.031,-0.013,0.139,0.006,-0.232,-0.007,-0.042,-0.185,-0.162,-0.194,0.056,0.01,-0.057,0.1,0.113,0.029,-0.078,0.007,0.106,0.104,0.153,0.132,0.2,0.103,0.096,0.169,-0.009,-0.005,0.038,-0.147,-0.091,-0.052,0.104,-0.009,0.106,0.101,-0.052,-0.028,0.066,-0.024,-0.053,-0.054,0.248,0.253,0.291,0.032,0.081,0.185,0.103,0.173,0.173,0.228,0.185,0.248,0.171,0.04,0.115,0.122,0.026,0.093,0.164,0.295,0.185,0.213,0.159,0.117,0.117,0.204,0.16,0.167,-0.04,-0.009,-0.085,-0.089,0.026,-0.131,0.163,0.1,0.186,0.079,0.051,0.182,0.089,0.017,0.122,0.077,0.083,0.109,0.046,-0.176,-0.145,0.008,0.223,0.058,-0.001
ctx-rh-7Networks_RH_Vis_21,,,,,,,,,,,,,,,,,,,,,,,,,,,,,,,,,,,,,,,,,,,,,,,,,,,,,,,,,,,,,,,,,,,,,,,,,,,,,,,,,,,,,,,,,,,,,,,,,,,,,,,,,,,,,,,,,,,,,,,,,,,,,,,,,,,,,,,,,,,,,,,,,,,,,,,,,,,,,,,,,,,,,,,,,,,,-0.087,-0.268,0.106,-0.004,0.108,0.008,0.052,0.103,0.008,0.23,0.136,0.015,-0.071,-0.021,-0.09,-0.012,-0.213,-0.003,-0.095,-0.11,-0.207,-0.095,-0.095,-0.118,0.036,-0.138,-0.094,0.032,-0.047,-0.054,-0.183,-0.024,0.11,0.055,0.081,-0.035,-0.069,-0.007,-0.181,0.009,-0.095,-0.106,0.095,0.015,0.064,0.016,0.011,0.049,0.215,0.171,0.084,0.131,0.147,0.048,0.11,0.204,0.088,0.164,0.216,0.125,0.137,0.115,0.139,0.072,0.055,0.063,0.046,0.017,0.022,0.15,-0.06,-0.106,-0.024,0.004,-0.006,-0.018,0.226,0.259,0.246,0.09,0.138,0.115,-0.0,0.034,0.137,0.101,0.016,0.109,0.133,-0.031,0.017,0.078,0.05,0.171,0.181,0.246,-0.019,0.23,0.119,0.266,0.253,0.182,0.261,0.291,0.008,0.07,-0.028,0.012,0.142,0.054,0.068,0.058,0.033,0.064,0.03,0.2,0.078,0.166,0.039,0.034,0.102,0.049,0.059,-0.02,0.055,0.136,0.232,0.209,0.138
ctx-rh-7Networks_RH_Vis_22,,,,,,,,,,,,,,,,,,,,,,,,,,,,,,,,,,,,,,,,,,,,,,,,,,,,,,,,,,,,,,,,,,,,,,,,,,,,,,,,,,,,,,,,,,,,,,,,,,,,,,,,,,,,,,,,,,,,,,,,,,,,,,,,,,,,,,,,,,,,,,,,,,,,,,,,,,,,,,,,,,,,,,,,,,,,,-0.049,0.139,0.007,0.065,0.05,0.094,0.188,0.107,0.127,0.101,-0.02,0.004,-0.085,-0.053,-0.0,-0.105,-0.046,-0.119,-0.002,-0.063,-0.143,-0.038,-0.133,0.051,-0.092,-0.117,-0.048,-0.09,-0.047,-0.145,-0.005,0.195,0.028,0.063,0.079,-0.015,0.042,-0.029,0.018,0.044,-0.099,0.144,0.028,0.066,0.0,-0.049,-0.031,0.201,0.097,0.136,0.106,0.162,-0.008,0.08,0.17,0.02,0.095,0.143,0.075,0.136,0.118,0.203,0.173,0.065,0.021,0.051,-0.008,0.051,0.089,-0.097,-0.08,-0.009,-0.031,-0.02,-0.014,0.118,0.186,0.158,-0.01,0.097,0.03,0.013,0.009,0.073,0.123,0.016,0.095,0.049,0.029,0.025,-0.002,0.038,0.281,0.18,0.283,0.083,0.161,0.065,0.148,0.11,0.174,0.155,0.068,-0.072,-0.053,0.002,-0.03,0.107,-0.046,-0.015,-0.01,-0.015,0.004,0.021,0.159,0.005,0.036,0.078,-0.053,0.075,0.085,-0.018,0.137,0.222,0.199,0.195,0.193,0.186
ctx-rh-7Networks_RH_Vis_23,,,,,,,,,,,,,,,,,,,,,,,,,,,,,,,,,,,,,,,,,,,,,,,,,,,,,,,,,,,,,,,,,,,,,,,,,,,,,,,,,,,,,,,,,,,,,,,,,,,,,,,,,,,,,,,,,,,,,,,,,,,,,,,,,,,,,,,,,,,,,,,,,,,,,,,,,,,,,,,,,,,,,,,,,,,,,,-0.095,-0.133,0.037,-0.033,-0.108,0.008,-0.117,0.12,-0.011,-0.039,-0.103,-0.047,-0.088,-0.052,-0.262,-0.194,-0.261,-0.198,-0.247,-0.197,-0.117,-0.29,-0.06,-0.15,-0.104,-0.168,-0.147,-0.212,-0.19,-0.057,0.027,0.12,-0.025,-0.142,-0.016,-0.064,-0.283,0.025,-0.097,-0.129,0.067,-0.134,0.0,-0.013,-0.21,0.042,0.152,0.074,0.027,0.06,0.064,0.032,0.028,0.151,0.1,0.07,0.132,0.122,0.054,0.031,0.015,-0.068,-0.075,-0.062,0.09,0.055,0.112,0.148,0.01,0.107,0.102,0.003,0.02,0.03,0.238,0.212,0.209,0.089,0.114,0.132,0.129,0.119,0.15,0.09,0.141,0.146,0.163,0.108,0.079,0.115,0.091,0.24,0.251,0.331,-0.007,0.218,0.155,0.222,0.157,0.224,0.291,0.296,0.072,0.069,0.032,0.042,0.072,-0.006,0.121,0.106,0.081,0.14,0.101,0.186,0.18,0.098,0.037,0.083,0.08,0.156,0.049,-0.065,0.066,0.105,0.229,0.216,0.149
ctx-rh-7Networks_RH_SomMot_1,,,,,,,,,,,,,,,,,,,,,,,,,,,,,,,,,,,,,,,,,,,,,,,,,,,,,,,,,,,,,,,,,,,,,,,,,,,,,,,,,,,,,,,,,,,,,,,,,,,,,,,,,,,,,,,,,,,,,,,,,,,,,,,,,,,,,,,,,,,,,,,,,,,,,,,,,,,,,,,,,,,,,,,,,,,,,,,-0.272,-0.171,-0.174,-0.206,-0.224,-0.238,-0.14,-0.14,-0.047,-0.138,-0.062,-0.175,-0.147,-0.098,-0.176,-0.128,-0.067,-0.144,-0.071,-0.11,-0.17,-0.16,-0.162,-0.109,-0.018,-0.114,-0.074,0.033,0.081,-0.069,0.027,0.141,0.03,0.099,0.137,-0.099,0.056,-0.014,0.017,-0.01,-0.044,-0.018,-0.013,-0.002,-0.041,-0.157,-0.076,-0.115,-0.041,0.083,-0.058,0.08,0.07,0.076,0.071,-0.095,-0.002,-0.034,-0.145,0.021,-0.188,-0.086,-0.013,0.016,-0.04,-0.063,0.021,0.013,0.02,-0.052,-0.006,-0.078,-0.083,0.105,0.194,0.066,-0.07,-0.018,0.124,0.252,0.11,0.077,0.132,-0.085,0.229,0.125,-0.099,0.043,-0.068,-0.065,0.13,0.067,0.158,-0.009,0.102,0.02,-0.081,-0.107,-0.058,-0.071,-0.016,-0.151,-0.075,-0.21,-0.298,-0.118,-0.285,-0.026,-0.044,-0.168,-0.113,-0.008,0.008,-0.104,-0.201,0.049,-0.084,-0.043,-0.028,-0.03,-0.183,-0.116,-0.144,-0.045,-0.064,-0.082
ctx-rh-7Networks_RH_SomMot_2,,,,,,,,,,,,,,,,,,,,,,,,,,,,,,,,,,,,,,,,,,,,,,,,,,,,,,,,,,,,,,,,,,,,,,,,,,,,,,,,,,,,,,,,,,,,,,,,,,,,,,,,,,,,,,,,,,,,,,,,,,,,,,,,,,,,,,,,,,,,,,,,,,,,,,,,,,,,,,,,,,,,,,,,,,,,,,,,-0.012,-0.16,-0.253,-0.192,-0.149,-0.028,-0.164,-0.16,-0.251,-0.154,-0.266,-0.096,-0.241,-0.147,-0.127,-0.189,-0.243,-0.184,-0.223,-0.164,0.02,-0.184,-0.058,-0.047,-0.189,-0.103,-0.213,-0.017,-0.107,-0.014,-0.026,-0.153,-0.111,-0.047,-0.196,-0.036,-0.081,-0.092,-0.057,-0.073,0.003,-0.033,-0.129,-0.128,-0.102,0.072,-0.069,-0.029,0.131,0.01,0.1,0.032,0.129,0.083,0.109,0.095,0.022,0.053,0.099,-0.043,0.023,0.02,-0.103,0.063,-0.219,-0.028,-0.055,-0.028,-0.043,-0.046,-0.204,-0.123,0.27,0.127,0.05,-0.057,0.079,0.056,0.201,0.066,0.1,0.098,0.072,0.077,0.144,-0.042,0.095,0.061,-0.033,0.188,0.048,0.309,0.108,0.147,0.091,0.096,0.024,-0.003,0.038,0.089,-0.105,-0.056,-0.104,-0.184,-0.108,-0.202,-0.014,0.143,0.107,-0.077,0.006,0.066,-0.004,-0.024,0.117,0.019,0.091,0.02,0.124,-0.124,-0.066,0.035,0.067,0.086,0.009
ctx-rh-7Networks_RH_SomMot_3,,,,,,,,,,,,,,,,,,,,,,,,,,,,,,,,,,,,,,,,,,,,,,,,,,,,,,,,,,,,,,,,,,,,,,,,,,,,,,,,,,,,,,,,,,,,,,,,,,,,,,,,,,,,,,,,,,,,,,,,,,,,,,,,,,,,,,,,,,,,,,,,,,,,,,,,,,,,,,,,,,,,,,,,,,,,,,,,,-0.18,-0.2,-0.025,-0.236,-0.144,-0.109,-0.027,0.007,-0.1,-0.237,-0.128,-0.112,-0.118,-0.144,-0.038,-0.117,-0.118,-0.101,-0.219,-0.15,-0.095,-0.196,-0.045,-0.131,-0.197,-0.005,0.034,0.012,-0.03,0.132,0.059,0.103,0.088,0.014,0.137,0.061,0.115,0.02,0.01,0.058,0.068,0.049,0.061,-0.045,-0.016,-0.077,0.004,0.135,0.051,-0.011,-0.044,0.085,-0.005,-0.031,0.108,-0.0,-0.176,-0.045,-0.149,-0.033,0.052,-0.132,-0.125,-0.134,-0.128,0.015,0.036,0.045,-0.022,-0.087,-0.175,0.178,0.096,-0.004,-0.191,0.023,-0.088,-0.052,0.037,-0.031,0.082,-0.008,0.092,0.106,-0.003,0.027,0.014,-0.147,-0.038,-0.039,-0.02,-0.033,-0.057,-0.015,0.019,-0.054,-0.053,-0.033,0.037,-0.05,-0.028,0.012,-0.009,-0.023,0.006,-0.012,0.051,0.064,-0.146,-0.034,-0.114,-0.103,-0.084,-0.109,-0.05,0.014,0.038,0.046,-0.239,-0.151,-0.091,-0.109,-0.049,-0.082
ctx-rh-7Networks_RH_SomMot_4,,,,,,,,,,,,,,,,,,,,,,,,,,,,,,,,,,,,,,,,,,,,,,,,,,,,,,,,,,,,,,,,,,,,,,,,,,,,,,,,,,,,,,,,,,,,,,,,,,,,,,,,,,,,,,,,,,,,,,,,,,,,,,,,,,,,,,,,,,,,,,,,,,,,,,,,,,,,,,,,,,,,,,,,,,,,,,,,,,-0.251,-0.155,-0.229,-0.069,-0.132,-0.118,-0.118,-0.256,-0.288,-0.221,-0.161,-0.304,-0.218,-0.129,-0.185,-0.223,-0.214,-0.322,-0.166,-0.231,-0.18,-0.083,-0.202,-0.193,-0.139,0.013,-0.04,-0.036,0.142,0.003,0.082,0.099,-0.021,0.066,0.032,0.031,0.0,-0.104,0.017,0.051,-0.076,0.058,-0.101,0.045,-0.07,0.016,0.149,0.03,0.067,0.086,0.155,0.111,0.073,0.119,0.009,-0.126,-0.05,-0.173,-0.062,0.096,-0.038,-0.056,-0.018,0.004,0.021,0.221,0.034,-0.008,-0.044,-0.127,0.24,0.153,0.053,-0.157,-0.009,-0.023,0.063,0.041,0.009,0.159,-0.011,0.153,0.098,-0.058,0.062,0.012,-0.07,0.077,-0.05,0.073,-0.009,0.089,0.016,0.026,-0.099,0.021,-0.056,0.033,-0.089,-0.053,-0.086,-0.225,-0.1,-0.152,-0.026,0.05,0.045,-0.159,0.0,-0.061,-0.102,-0.145,0.034,-0.006,-0.006,0.033,0.086,-0.245,-0.161,-0.127,-0.069,-0.068,-0.032
ctx-rh-7Networks_RH_SomMot_5,,,,,,,,,,,,,,,,,,,,,,,,,,,,,,,,,,,,,,,,,,,,,,,,,,,,,,,,,,,,,,,,,,,,,,,,,,,,,,,,,,,,,,,,,,,,,,,,,,,,,,,,,,,,,,,,,,,,,,,,,,,,,,,,,,,,,,,,,,,,,,,,,,,,,,,,,,,,,,,,,,,,,,,,,,,,,,,,,,,-0.211,-0.309,-0.214,-0.282,-0.15,-0.279,-0.139,-0.228,-0.264,-0.217,-0.263,-0.193,-0.113,-0.195,-0.153,-0.196,-0.295,-0.092,-0.175,-0.223,-0.168,-0.121,-0.205,0.01,0.107,-0.002,0.06,0.007,-0.086,0.102,0.047,-0.111,0.096,-0.05,-0.083,-0.026,-0.064,-0.074,-0.038,-0.064,-0.049,-0.111,-0.071,-0.202,-0.117,0.033,-0.053,0.076,0.025,-0.017,0.019,-0.118,-0.022,-0.112,-0.202,0.059,-0.177,-0.111,0.005,0.063,0.028,-0.081,0.066,-0.006,0.063,0.071,0.038,-0.054,-0.108,0.107,0.142,0.061,-0.121,-0.023,0.147,0.141,0.019,0.01,0.031,-0.039,0.136,0.078,-0.154,0.034,-0.045,-0.052,0.1,0.072,0.108,-0.071,0.056,-0.022,-0.052,-0.059,0.111,0.039,-0.003,-0.094,-0.096,-0.208,-0.209,-0.087,-0.258,-0.025,-0.042,-0.117,-0.064,-0.045,-0.071,-0.131,-0.205,-0.021,-0.115,-0.093,-0.01,-0.045,-0.144,-0.081,-0.121,-0.036,-0.055,-0.036
ctx-rh-7Networks_RH_SomMot_6,,,,,,,,,,,,,,,,,,,,,,,,,,,,,,,,,,,,,,,,,,,,,,,,,,,,,,,,,,,,,,,,,,,,,,,,,,,,,,,,,,,,,,,,,,,,,,,,,,,,,,,,,,,,,,,,,,,,,,,,,,,,,,,,,,,,,,,,,,,,,,,,,,,,,,,,,,,,,,,,,,,,,,,,,,,,,,,,,,,,-0.119,-0.095,-0.08,-0.21,-0.039,-0.139,-0.175,-0.044,-0.159,-0.111,-0.061,-0.01,-0.125,-0.06,-0.132,-0.136,-0.002,-0.197,-0.167,-0.075,-0.039,-0.117,-0.142,-0.045,-0.044,0.071,0.106,-0.005,0.057,0.104,-0.029,0.055,0.082,0.121,0.056,-0.012,0.169,0.06,0.024,0.024,-0.101,0.014,-0.025,-0.006,0.154,0.059,-0.018,-0.009,0.027,0.04,0.088,0.061,-0.019,0.02,0.169,0.03,0.073,0.015,-0.011,-0.069,-0.079,0.134,-0.001,-0.033,-0.022,-0.026,-0.102,-0.133,0.193,0.145,0.119,-0.179,0.034,-0.009,0.067,0.005,0.01,-0.036,-0.052,0.101,0.119,-0.016,0.041,0.001,0.069,0.15,0.147,0.188,0.025,0.082,0.176,0.054,-0.025,0.107,0.025,0.024,-0.194,-0.216,-0.161,-0.211,-0.103,-0.182,-0.044,0.012,0.003,-0.109,-0.001,0.028,-0.097,-0.037,0.074,-0.08,0.043,0.072,0.084,-0.121,-0.039,-0.005,0.01,0.019,0.076
ctx-rh-7Networks_RH_SomMot_7,,,,,,,,,,,,,,,,,,,,,,,,,,,,,,,,,,,,,,,,,,,,,,,,,,,,,,,,,,,,,,,,,,,,,,,,,,,,,,,,,,,,,,,,,,,,,,,,,,,,,,,,,,,,,,,,,,,,,,,,,,,,,,,,,,,,,,,,,,,,,,,,,,,,,,,,,,,,,,,,,,,,,,,,,,,,,,,,,,,,,-0.12,-0.191,-0.16,-0.181,-0.225,-0.195,-0.262,-0.147,-0.248,-0.141,-0.059,-0.177,-0.187,-0.166,-0.309,-0.142,-0.173,-0.216,-0.135,-0.154,-0.209,0.031,0.085,0.053,-0.041,0.04,-0.018,0.058,0.04,-0.025,-0.008,-0.003,0.018,-0.045,-0.026,-0.04,-0.045,-0.037,-0.017,-0.028,-0.085,-0.054,0.001,0.137,0.035,0.068,0.029,0.177,0.039,0.011,0.034,-0.043,-0.142,0.007,-0.165,-0.086,0.011,-0.021,-0.061,-0.066,-0.093,0.046,0.062,0.144,-0.04,-0.032,-0.151,0.17,0.128,0.078,-0.068,0.037,0.073,0.053,0.108,0.002,0.061,0.005,0.181,0.089,-0.101,0.028,0.047,-0.029,0.068,-0.036,0.099,0.049,0.131,0.103,0.081,-0.049,0.036,-0.003,0.057,0.001,-0.031,-0.106,-0.156,-0.046,-0.117,-0.023,0.028,-0.01,-0.126,0.002,-0.014,-0.052,-0.073,0.043,-0.008,0.025,0.004,0.067,-0.265,-0.157,-0.086,-0.075,-0.013,-0.087
ctx-rh-7Networks_RH_SomMot_8,,,,,,,,,,,,,,,,,,,,,,,,,,,,,,,,,,,,,,,,,,,,,,,,,,,,,,,,,,,,,,,,,,,,,,,,,,,,,,,,,,,,,,,,,,,,,,,,,,,,,,,,,,,,,,,,,,,,,,,,,,,,,,,,,,,,,,,,,,,,,,,,,,,,,,,,,,,,,,,,,,,,,,,,,,,,,,,,,,,,,,-0.065,0.064,0.044,0.007,-0.014,-0.062,0.038,-0.129,0.018,0.041,0.04,0.006,-0.029,-0.098,-0.112,-0.065,-0.184,0.042,0.022,-0.016,-0.002,0.006,-0.056,-0.06,0.095,0.088,0.122,0.035,0.132,0.146,0.099,0.175,0.141,0.062,0.127,0.041,0.12,0.089,-0.114,-0.036,-0.107,0.016,0.095,-0.012,-0.072,-0.018,0.033,-0.038,0.002,-0.029,-0.066,-0.101,-0.038,-0.091,-0.025,0.061,-0.097,-0.127,-0.093,0.037,0.005,-0.022,-0.024,-0.11,-0.121,-0.169,0.107,0.054,-0.058,-0.197,-0.127,0.009,-0.002,-0.073,-0.053,0.05,-0.123,0.127,0.025,-0.099,0.018,-0.079,-0.093,-0.053,-0.071,-0.106,-0.08,0.028,0.073,-0.059,-0.195,-0.051,-0.097,-0.05,-0.1,-0.077,0.017,-0.11,-0.131,-0.048,-0.085,-0.022,-0.104,-0.218,-0.02,-0.096,-0.17,-0.116,0.003,-0.077,-0.033,-0.057,0.051,-0.208,-0.117,-0.143,-0.129,-0.161,-0.022
ctx-rh-7Networks_RH_SomMot_9,,,,,,,,,,,,,,,,,,,,,,,,,,,,,,,,,,,,,,,,,,,,,,,,,,,,,,,,,,,,,,,,,,,,,,,,,,,,,,,,,,,,,,,,,,,,,,,,,,,,,,,,,,,,,,,,,,,,,,,,,,,,,,,,,,,,,,,,,,,,,,,,,,,,,,,,,,,,,,,,,,,,,,,,,,,,,,,,,,,,,,,-0.14,-0.055,-0.14,-0.299,-0.165,-0.233,-0.287,-0.21,-0.058,-0.125,-0.218,-0.147,-0.265,-0.089,-0.171,-0.221,-0.057,-0.139,-0.161,-0.069,0.037,0.013,-0.025,0.091,-0.025,0.103,0.102,0.036,0.097,0.123,0.168,0.106,0.02,0.107,0.087,0.048,0.088,-0.054,0.039,-0.014,0.122,0.234,0.02,0.145,0.139,0.216,0.116,0.183,0.127,-0.044,-0.076,0.075,-0.042,0.011,0.121,-0.05,-0.087,-0.061,-0.022,-0.025,0.06,0.057,-0.001,-0.079,-0.16,0.277,0.16,-0.011,-0.248,-0.009,0.029,0.0,0.062,-0.091,0.153,-0.085,0.223,0.042,-0.06,0.088,-0.033,-0.116,0.096,-0.107,0.022,-0.014,0.121,0.067,-0.015,-0.159,-0.003,-0.096,-0.004,-0.148,-0.131,-0.116,-0.2,-0.144,-0.102,-0.077,0.029,-0.031,-0.218,-0.069,-0.147,-0.166,-0.2,0.038,-0.096,-0.011,-0.055,0.08,-0.305,-0.151,-0.223,-0.169,-0.2,-0.042
ctx-rh-7Networks_RH_SomMot_10,,,,,,,,,,,,,,,,,,,,,,,,,,,,,,,,,,,,,,,,,,,,,,,,,,,,,,,,,,,,,,,,,,,,,,,,,,,,,,,,,,,,,,,,,,,,,,,,,,,,,,,,,,,,,,,,,,,,,,,,,,,,,,,,,,,,,,,,,,,,,,,,,,,,,,,,,,,,,,,,,,,,,,,,,,,,,,,,,,,,,,,,-0.17,-0.242,-0.273,-0.041,-0.249,-0.297,-0.283,-0.162,-0.23,-0.225,-0.262,-0.374,-0.155,-0.194,-0.076,-0.171,-0.234,-0.286,-0.197,-0.021,-0.128,-0.137,0.122,-0.056,-0.038,0.036,-0.141,0.03,0.009,-0.138,0.002,-0.094,0.069,-0.068,-0.125,0.079,-0.103,0.125,-0.004,0.151,0.224,0.045,0.204,0.205,0.262,0.192,0.252,0.203,0.196,0.074,0.171,-0.038,0.027,0.168,-0.042,-0.052,-0.038,0.008,0.056,0.031,0.013,-0.041,-0.146,-0.029,0.343,0.245,0.057,-0.153,0.06,0.072,0.173,0.042,-0.017,0.193,-0.054,0.369,0.289,-0.065,0.166,0.021,-0.105,0.184,-0.024,0.171,0.043,0.306,0.163,0.016,-0.161,-0.071,-0.109,0.085,-0.077,-0.111,-0.083,-0.154,-0.089,-0.144,0.035,0.093,0.038,-0.214,0.015,0.089,-0.035,-0.133,0.2,-0.038,-0.07,-0.092,0.089,-0.229,-0.165,-0.169,0.001,-0.071,0.015
ctx-rh-7Networks_RH_SomMot_11,,,,,,,,,,,,,,,,,,,,,,,,,,,,,,,,,,,,,,,,,,,,,,,,,,,,,,,,,,,,,,,,,,,,,,,,,,,,,,,,,,,,,,,,,,,,,,,,,,,,,,,,,,,,,,,,,,,,,,,,,,,,,,,,,,,,,,,,,,,,,,,,,,,,,,,,,,,,,,,,,,,,,,,,,,,,,,,,,,,,,,,,,-0.154,-0.279,-0.115,-0.245,-0.268,-0.287,-0.246,-0.218,-0.254,-0.191,-0.256,-0.089,-0.185,-0.154,-0.175,-0.102,-0.221,-0.051,-0.041,0.024,-0.109,0.046,-0.243,-0.007,0.027,-0.182,0.083,0.016,-0.081,0.08,-0.027,-0.002,0.005,-0.137,-0.001,0.061,0.063,0.026,0.02,0.122,-0.055,0.189,0.193,0.17,0.039,0.166,0.06,0.121,0.015,0.065,0.033,0.062,0.116,0.01,-0.025,-0.012,0.032,0.07,0.079,0.003,0.127,-0.017,-0.183,0.311,0.234,0.029,-0.091,-0.021,-0.005,0.082,-0.048,-0.084,0.08,-0.092,0.179,0.065,-0.004,0.038,-0.016,-0.151,0.146,-0.038,0.173,0.151,0.226,0.115,0.074,-0.1,0.02,-0.057,0.077,-0.135,-0.074,-0.074,-0.16,-0.13,-0.132,0.006,-0.002,0.016,-0.134,0.022,-0.045,-0.107,-0.173,0.197,-0.169,-0.001,-0.127,-0.021,-0.176,-0.104,-0.153,0.02,-0.089,0.02
ctx-rh-7Networks_RH_SomMot_12,,,,,,,,,,,,,,,,,,,,,,,,,,,,,,,,,,,,,,,,,,,,,,,,,,,,,,,,,,,,,,,,,,,,,,,,,,,,,,,,,,,,,,,,,,,,,,,,,,,,,,,,,,,,,,,,,,,,,,,,,,,,,,,,,,,,,,,,,,,,,,,,,,,,,,,,,,,,,,,,,,,,,,,,,,,,,,,,,,,,,,,,,,-0.289,-0.028,-0.142,-0.321,-0.282,-0.191,-0.186,-0.18,-0.236,-0.354,-0.225,-0.216,-0.102,-0.22,-0.304,-0.287,-0.114,0.048,-0.147,-0.053,0.131,-0.071,-0.029,0.015,-0.055,0.017,0.006,-0.046,-0.062,-0.177,0.042,-0.094,-0.132,-0.015,-0.087,0.087,-0.028,0.116,0.186,-0.014,0.119,0.125,0.208,0.111,0.09,0.079,0.073,-0.082,0.074,-0.086,-0.004,0.064,-0.041,0.008,0.022,0.009,0.042,0.111,0.074,-0.079,-0.053,-0.112,0.286,0.216,0.067,-0.097,0.009,0.027,0.144,0.085,0.036,0.128,-0.006,0.26,0.246,-0.081,0.146,0.042,-0.079,0.125,-0.051,0.188,0.093,0.268,0.199,0.022,-0.126,-0.111,-0.096,0.078,0.032,-0.03,-0.048,-0.094,-0.026,-0.081,0.07,0.105,0.003,-0.15,0.05,0.046,-0.043,-0.074,0.251,-0.054,0.011,-0.106,0.071,-0.301,-0.217,-0.183,-0.063,-0.079,-0.034
ctx-rh-7Networks_RH_SomMot_13,,,,,,,,,,,,,,,,,,,,,,,,,,,,,,,,,,,,,,,,,,,,,,,,,,,,,,,,,,,,,,,,,,,,,,,,,,,,,,,,,,,,,,,,,,,,,,,,,,,,,,,,,,,,,,,,,,,,,,,,,,,,,,,,,,,,,,,,,,,,,,,,,,,,,,,,,,,,,,,,,,,,,,,,,,,,,,,,,,,,,,,,,,,-0.158,-0.377,-0.385,-0.352,-0.214,-0.316,-0.329,-0.205,-0.353,-0.056,-0.214,-0.154,-0.179,-0.205,-0.256,-0.136,-0.007,-0.105,-0.068,0.032,-0.182,-0.093,-0.003,-0.202,0.02,-0.173,-0.113,0.019,-0.111,-0.01,-0.091,-0.068,-0.029,-0.083,0.044,-0.109,-0.018,0.135,0.08,0.194,0.117,0.216,0.124,0.15,0.081,0.058,-0.088,0.019,-0.139,-0.06,0.124,0.063,0.065,-0.03,0.124,0.083,0.062,0.053,0.103,-0.03,-0.079,0.298,0.216,0.032,-0.056,0.072,0.022,0.177,0.074,0.025,0.137,-0.039,0.285,0.237,-0.186,0.102,0.023,-0.075,0.14,-0.023,0.125,0.025,0.304,0.179,0.076,-0.101,-0.032,0.027,0.169,0.073,-0.044,-0.118,-0.1,-0.052,-0.14,0.087,0.081,0.116,-0.167,0.08,0.095,0.016,-0.057,0.175,0.017,-0.008,-0.084,0.144,-0.258,-0.205,-0.138,0.014,-0.031,-0.033
ctx-rh-7Networks_RH_SomMot_14,,,,,,,,,,,,,,,,,,,,,,,,,,,,,,,,,,,,,,,,,,,,,,,,,,,,,,,,,,,,,,,,,,,,,,,,,,,,,,,,,,,,,,,,,,,,,,,,,,,,,,,,,,,,,,,,,,,,,,,,,,,,,,,,,,,,,,,,,,,,,,,,,,,,,,,,,,,,,,,,,,,,,,,,,,,,,,,,,,,,,,,,,,,,0.015,-0.314,-0.233,-0.187,-0.112,-0.05,-0.019,-0.248,-0.202,-0.117,-0.115,-0.126,-0.156,-0.139,0.032,0.019,0.013,-0.076,0.026,-0.03,0.012,-0.068,0.008,0.015,-0.039,0.058,-0.026,-0.101,-0.044,-0.053,-0.077,-0.034,-0.064,-0.016,-0.068,-0.024,0.103,-0.039,0.032,0.087,0.001,-0.037,-0.086,-0.025,-0.048,-0.051,-0.076,-0.138,-0.034,0.039,-0.024,0.029,0.037,0.129,0.054,0.012,0.072,0.082,0.082,-0.109,0.151,0.093,-0.103,-0.076,-0.048,0.09,0.139,0.085,-0.005,0.053,-0.041,0.161,0.1,-0.016,0.019,-0.016,0.008,0.008,-0.016,0.03,-0.016,0.185,0.136,0.009,-0.11,-0.04,-0.081,-0.05,0.035,0.03,0.031,-0.073,-0.068,-0.041,0.049,-0.006,-0.075,0.027,0.077,0.083,-0.028,-0.0,0.175,-0.044,-0.047,-0.075,0.092,-0.178,-0.187,-0.157,-0.071,-0.128,0.024
ctx-rh-7Networks_RH_SomMot_15,,,,,,,,,,,,,,,,,,,,,,,,,,,,,,,,,,,,,,,,,,,,,,,,,,,,,,,,,,,,,,,,,,,,,,,,,,,,,,,,,,,,,,,,,,,,,,,,,,,,,,,,,,,,,,,,,,,,,,,,,,,,,,,,,,,,,,,,,,,,,,,,,,,,,,,,,,,,,,,,,,,,,,,,,,,,,,,,,,,,,,,,,,,,,-0.217,-0.397,-0.388,-0.147,-0.258,-0.153,-0.282,-0.142,-0.115,0.019,-0.165,-0.177,-0.207,-0.069,0.013,-0.092,-0.143,-0.023,-0.272,-0.154,-0.045,-0.239,-0.019,0.0,-0.118,-0.028,-0.202,-0.062,0.029,-0.255,-0.043,-0.034,0.065,0.055,0.054,0.187,0.125,0.233,0.237,0.225,0.141,0.125,0.159,0.161,0.054,0.055,-0.049,0.041,0.103,-0.07,-0.006,0.076,0.047,0.092,0.03,0.054,0.069,0.043,-0.013,0.248,0.127,-0.045,-0.101,0.019,0.042,0.056,0.061,0.04,0.206,0.022,0.185,0.16,0.074,0.104,0.089,-0.013,0.187,-0.081,0.266,0.083,0.308,0.174,0.067,-0.112,-0.078,-0.077,0.045,0.012,-0.034,-0.105,-0.153,-0.078,-0.095,0.057,0.103,0.135,-0.018,0.006,0.082,0.015,-0.016,0.329,-0.05,0.017,-0.115,0.125,-0.243,-0.148,-0.115,0.024,-0.035,-0.019
ctx-rh-7Networks_RH_SomMot_16,,,,,,,,,,,,,,,,,,,,,,,,,,,,,,,,,,,,,,,,,,,,,,,,,,,,,,,,,,,,,,,,,,,,,,,,,,,,,,,,,,,,,,,,,,,,,,,,,,,,,,,,,,,,,,,,,,,,,,,,,,,,,,,,,,,,,,,,,,,,,,,,,,,,,,,,,,,,,,,,,,,,,,,,,,,,,,,,,,,,,,,,,,,,,,-0.238,-0.202,-0.286,-0.291,-0.186,-0.298,-0.129,-0.244,-0.294,-0.232,-0.136,-0.241,-0.004,0.028,0.09,-0.074,0.052,-0.145,-0.101,0.021,-0.116,-0.024,-0.077,-0.085,-0.056,-0.153,-0.092,-0.116,-0.184,-0.072,0.054,-0.01,-0.079,-0.031,0.145,-0.005,0.064,0.02,0.062,-0.06,-0.04,-0.006,-0.031,-0.108,-0.07,-0.139,-0.125,0.017,-0.032,-0.025,0.021,-0.017,0.029,0.124,0.023,0.017,0.005,-0.059,0.304,0.263,0.113,-0.061,0.011,0.05,0.072,0.083,-0.008,0.052,-0.02,0.172,0.095,-0.139,0.139,0.06,-0.024,0.019,-0.025,0.115,0.033,0.107,0.125,0.081,-0.001,0.044,0.106,0.138,0.057,0.025,-0.113,-0.066,0.068,-0.047,-0.041,0.018,0.075,-0.127,0.011,-0.094,-0.092,-0.069,0.091,-0.065,0.018,-0.04,0.071,-0.202,-0.208,-0.141,-0.006,0.015,-0.053
ctx-rh-7Networks_RH_SomMot_17,,,,,,,,,,,,,,,,,,,,,,,,,,,,,,,,,,,,,,,,,,,,,,,,,,,,,,,,,,,,,,,,,,,,,,,,,,,,,,,,,,,,,,,,,,,,,,,,,,,,,,,,,,,,,,,,,,,,,,,,,,,,,,,,,,,,,,,,,,,,,,,,,,,,,,,,,,,,,,,,,,,,,,,,,,,,,,,,,,,,,,,,,,,,,,,-0.203,-0.375,-0.394,-0.216,-0.294,-0.038,-0.262,-0.177,-0.165,-0.182,-0.199,-0.092,-0.047,-0.033,-0.157,0.051,-0.066,-0.188,0.008,-0.153,-0.097,-0.162,-0.183,-0.001,-0.159,-0.04,-0.074,-0.094,-0.01,0.05,0.119,0.031,0.062,0.157,0.018,0.211,0.212,0.219,0.125,0.159,0.118,0.084,0.031,0.085,-0.096,-0.051,0.08,-0.055,-0.022,-0.079,0.047,0.081,0.054,0.03,0.012,-0.046,-0.103,0.364,0.215,0.054,-0.061,0.047,0.057,0.154,0.095,0.05,0.164,-0.029,0.237,0.265,-0.088,0.051,0.058,-0.113,0.128,-0.033,0.247,0.111,0.272,0.133,0.139,-0.055,-0.062,-0.007,0.174,0.009,-0.075,-0.075,-0.037,0.006,-0.062,0.101,0.133,0.133,-0.105,-0.007,0.051,0.007,-0.058,0.228,0.017,0.041,-0.104,0.11,-0.275,-0.228,-0.181,-0.008,-0.001,-0.055
ctx-rh-7Networks_RH_SomMot_18,,,,,,,,,,,,,,,,,,,,,,,,,,,,,,,,,,,,,,,,,,,,,,,,,,,,,,,,,,,,,,,,,,,,,,,,,,,,,,,,,,,,,,,,,,,,,,,,,,,,,,,,,,,,,,,,,,,,,,,,,,,,,,,,,,,,,,,,,,,,,,,,,,,,,,,,,,,,,,,,,,,,,,,,,,,,,,,,,,,,,,,,,,,,,,,,-0.26,-0.406,-0.138,-0.207,0.079,-0.138,-0.088,-0.132,-0.059,-0.188,-0.006,-0.051,0.056,-0.033,0.051,-0.134,-0.017,0.088,-0.202,0.096,-0.103,-0.147,0.074,-0.172,0.001,0.014,-0.175,0.072,0.063,0.078,0.057,0.071,0.198,0.129,0.183,0.261,0.216,0.106,0.184,0.127,0.138,0.079,0.143,0.014,0.013,0.112,-0.073,-0.023,-0.029,-0.021,0.098,0.09,0.059,-0.089,-0.02,-0.12,0.34,0.247,0.095,-0.011,0.044,0.104,0.039,-0.022,0.041,0.128,0.014,0.249,0.157,-0.036,0.057,0.012,-0.005,0.205,0.07,0.253,0.028,0.336,0.118,0.144,-0.046,0.125,0.028,0.079,0.022,-0.096,-0.043,-0.11,-0.023,-0.077,0.009,0.029,0.004,-0.088,-0.048,0.013,-0.041,-0.143,0.091,-0.117,0.017,-0.098,0.06,-0.163,-0.106,-0.118,0.032,0.038,0.095
ctx-rh-7Networks_RH_SomMot_19,,,,,,,,,,,,,,,,,,,,,,,,,,,,,,,,,,,,,,,,,,,,,,,,,,,,,,,,,,,,,,,,,,,,,,,,,,,,,,,,,,,,,,,,,,,,,,,,,,,,,,,,,,,,,,,,,,,,,,,,,,,,,,,,,,,,,,,,,,,,,,,,,,,,,,,,,,,,,,,,,,,,,,,,,,,,,,,,,,,,,,,,,,,,,,,,,-0.209,-0.076,-0.314,-0.143,-0.104,-0.071,-0.198,-0.222,-0.184,0.002,0.027,0.018,-0.028,0.044,-0.095,-0.043,0.073,-0.109,-0.047,0.043,-0.068,-0.007,-0.199,-0.074,-0.055,-0.228,-0.047,-0.065,0.087,0.042,0.064,0.214,0.053,0.122,0.166,0.185,0.026,0.121,0.097,0.119,-0.018,0.046,-0.023,0.029,0.033,-0.126,-0.051,0.039,-0.012,0.054,0.059,0.05,0.085,-0.005,0.007,0.306,0.226,0.055,-0.04,0.017,0.036,0.081,0.042,0.074,0.231,0.059,0.262,0.196,0.034,0.132,0.02,-0.014,0.239,0.037,0.249,0.072,0.351,0.19,0.078,-0.066,0.071,0.046,0.072,-0.013,-0.071,-0.106,-0.138,-0.115,-0.125,-0.064,-0.04,0.004,-0.008,0.0,0.064,-0.044,-0.066,0.301,-0.102,0.018,-0.05,0.062,-0.16,-0.104,-0.121,0.049,-0.007,0.013
ctx-rh-7Networks_RH_SomMot_20,,,,,,,,,,,,,,,,,,,,,,,,,,,,,,,,,,,,,,,,,,,,,,,,,,,,,,,,,,,,,,,,,,,,,,,,,,,,,,,,,,,,,,,,,,,,,,,,,,,,,,,,,,,,,,,,,,,,,,,,,,,,,,,,,,,,,,,,,,,,,,,,,,,,,,,,,,,,,,,,,,,,,,,,,,,,,,,,,,,,,,,,,,,,,,,,,,-0.106,-0.331,-0.118,-0.14,-0.012,-0.192,-0.142,-0.225,0.027,0.036,-0.026,-0.158,-0.036,-0.288,-0.205,-0.085,-0.228,-0.073,-0.124,-0.147,-0.062,-0.22,-0.147,-0.135,-0.296,-0.128,-0.006,0.142,0.043,0.021,0.173,-0.019,0.14,0.192,0.116,0.035,0.077,0.03,0.041,-0.005,0.022,-0.056,-0.029,0.036,-0.026,0.05,0.013,0.099,0.14,0.087,0.065,0.177,0.104,0.018,0.262,0.14,-0.067,0.005,-0.071,0.06,0.164,0.032,-0.003,0.111,-0.041,0.171,0.155,-0.105,0.007,0.018,-0.089,0.194,-0.104,0.255,-0.004,0.268,0.062,0.136,-0.072,-0.07,-0.055,0.029,0.06,0.047,-0.072,-0.076,-0.056,-0.095,0.103,0.036,0.105,-0.026,0.017,0.099,-0.033,0.004,0.253,-0.074,-0.029,-0.155,0.066,-0.188,-0.196,-0.158,-0.032,-0.057,-0.093
ctx-rh-7Networks_RH_SomMot_21,,,,,,,,,,,,,,,,,,,,,,,,,,,,,,,,,,,,,,,,,,,,,,,,,,,,,,,,,,,,,,,,,,,,,,,,,,,,,,,,,,,,,,,,,,,,,,,,,,,,,,,,,,,,,,,,,,,,,,,,,,,,,,,,,,,,,,,,,,,,,,,,,,,,,,,,,,,,,,,,,,,,,,,,,,,,,,,,,,,,,,,,,,,,,,,,,,,-0.255,-0.091,-0.124,-0.099,-0.119,-0.233,-0.202,0.053,0.125,0.103,0.024,0.094,-0.092,-0.1,0.047,-0.072,0.021,0.055,-0.026,0.02,-0.127,-0.047,-0.084,-0.132,-0.045,0.098,0.09,0.058,0.122,0.275,0.007,0.149,0.146,0.248,0.112,0.144,0.213,0.156,-0.051,0.087,-0.035,0.018,0.039,-0.085,-0.028,0.005,-0.081,0.027,0.119,0.126,-0.048,0.073,-0.033,0.349,0.272,0.092,0.089,0.072,-0.042,0.076,0.081,0.077,0.21,0.045,0.329,0.231,0.039,0.133,0.043,0.02,0.179,0.076,0.246,0.043,0.165,0.087,0.103,-0.062,0.032,0.136,0.121,0.031,-0.086,-0.171,-0.095,0.057,-0.113,-0.048,0.047,0.077,-0.085,0.031,0.03,0.084,-0.072,0.131,-0.007,-0.026,0.046,0.07,-0.164,-0.159,-0.131,0.072,0.063,-0.02
ctx-rh-7Networks_RH_SomMot_22,,,,,,,,,,,,,,,,,,,,,,,,,,,,,,,,,,,,,,,,,,,,,,,,,,,,,,,,,,,,,,,,,,,,,,,,,,,,,,,,,,,,,,,,,,,,,,,,,,,,,,,,,,,,,,,,,,,,,,,,,,,,,,,,,,,,,,,,,,,,,,,,,,,,,,,,,,,,,,,,,,,,,,,,,,,,,,,,,,,,,,,,,,,,,,,,,,,,-0.115,-0.269,-0.246,-0.13,-0.262,-0.301,0.001,0.002,0.107,-0.015,0.037,-0.173,-0.096,0.047,-0.183,-0.129,-0.086,-0.11,-0.115,-0.241,-0.132,-0.146,-0.199,-0.166,0.084,-0.007,-0.105,-0.049,0.176,-0.01,0.155,0.042,0.115,-0.022,-0.003,0.074,0.014,-0.107,-0.036,-0.197,-0.097,0.007,-0.011,-0.013,0.006,-0.017,0.128,0.133,0.099,0.105,0.076,-0.07,0.317,0.273,0.091,0.14,0.006,0.079,0.179,0.162,0.058,0.139,-0.002,0.221,0.179,-0.058,0.115,0.091,-0.001,0.153,0.007,0.265,0.085,0.166,0.091,0.139,0.062,0.02,0.141,0.15,0.097,0.084,-0.087,-0.056,0.111,-0.076,0.065,0.152,0.122,-0.091,0.139,0.029,-0.016,-0.039,0.129,-0.013,0.051,-0.008,0.152,-0.211,-0.215,-0.052,0.104,0.124,-0.056
ctx-rh-7Networks_RH_SomMot_23,,,,,,,,,,,,,,,,,,,,,,,,,,,,,,,,,,,,,,,,,,,,,,,,,,,,,,,,,,,,,,,,,,,,,,,,,,,,,,,,,,,,,,,,,,,,,,,,,,,,,,,,,,,,,,,,,,,,,,,,,,,,,,,,,,,,,,,,,,,,,,,,,,,,,,,,,,,,,,,,,,,,,,,,,,,,,,,,,,,,,,,,,,,,,,,,,,,,,-0.136,-0.121,-0.04,-0.126,-0.079,-0.048,-0.025,0.012,0.006,0.108,0.075,0.102,0.149,0.078,0.124,-0.045,0.022,0.006,0.047,0.064,-0.05,0.1,0.035,-0.021,0.004,-0.046,0.059,0.175,0.062,0.063,0.08,0.103,0.064,0.103,0.051,-0.014,-0.085,0.022,-0.084,-0.014,0.051,0.006,-0.063,-0.033,-0.032,-0.021,0.03,-0.038,-0.045,-0.116,-0.081,0.212,0.178,0.082,-0.023,0.073,0.075,0.083,0.06,0.069,0.109,0.066,0.197,0.165,-0.051,0.051,0.077,-0.039,0.101,0.071,0.053,-0.055,0.116,0.072,0.047,-0.05,0.059,0.095,0.164,0.044,0.026,0.028,-0.105,0.033,-0.006,0.034,0.09,0.126,-0.167,-0.029,-0.022,-0.024,-0.111,-0.021,0.036,0.015,0.028,0.006,-0.104,-0.106,-0.074,0.067,0.057,-0.007
ctx-rh-7Networks_RH_SomMot_24,,,,,,,,,,,,,,,,,,,,,,,,,,,,,,,,,,,,,,,,,,,,,,,,,,,,,,,,,,,,,,,,,,,,,,,,,,,,,,,,,,,,,,,,,,,,,,,,,,,,,,,,,,,,,,,,,,,,,,,,,,,,,,,,,,,,,,,,,,,,,,,,,,,,,,,,,,,,,,,,,,,,,,,,,,,,,,,,,,,,,,,,,,,,,,,,,,,,,,-0.159,-0.108,-0.179,-0.239,-0.001,-0.007,-0.017,-0.063,0.077,-0.002,-0.038,0.018,-0.041,-0.003,0.035,-0.006,-0.069,-0.159,-0.028,-0.052,-0.111,-0.029,-0.044,0.024,0.007,0.018,0.257,0.041,0.102,0.141,0.148,0.077,0.193,0.077,0.08,-0.013,0.014,-0.135,0.006,0.057,-0.156,-0.024,0.087,0.035,0.03,0.15,0.007,-0.026,0.057,-0.031,0.308,0.141,-0.034,-0.051,0.1,0.09,0.139,0.154,0.05,0.219,0.057,0.198,0.087,0.026,0.062,-0.024,-0.086,0.131,-0.021,0.148,0.14,0.203,0.085,0.035,-0.063,0.0,0.006,0.058,0.013,0.0,0.019,-0.053,-0.087,-0.096,0.071,0.067,0.08,0.064,0.108,0.059,-0.016,-0.062,0.195,-0.061,-0.01,-0.083,0.022,-0.184,-0.147,-0.136,-0.024,-0.034,-0.005
ctx-rh-7Networks_RH_SomMot_25,,,,,,,,,,,,,,,,,,,,,,,,,,,,,,,,,,,,,,,,,,,,,,,,,,,,,,,,,,,,,,,,,,,,,,,,,,,,,,,,,,,,,,,,,,,,,,,,,,,,,,,,,,,,,,,,,,,,,,,,,,,,,,,,,,,,,,,,,,,,,,,,,,,,,,,,,,,,,,,,,,,,,,,,,,,,,,,,,,,,,,,,,,,,,,,,,,,,,,,-0.154,-0.204,-0.137,0.075,0.035,0.037,-0.018,-0.016,-0.074,-0.032,0.009,-0.044,-0.065,-0.017,-0.027,-0.133,-0.171,-0.082,-0.124,-0.151,-0.08,-0.08,-0.05,-0.102,-0.092,0.084,-0.053,-0.045,-0.08,-0.071,-0.13,-0.078,-0.134,-0.084,-0.13,-0.077,-0.184,-0.076,-0.113,-0.14,-0.064,0.061,0.001,0.08,0.003,0.032,0.036,0.065,-0.083,0.129,0.136,0.032,0.049,-0.138,0.082,0.111,0.071,0.015,0.05,-0.058,0.124,0.115,-0.065,0.082,0.05,0.043,0.078,0.004,0.159,0.05,0.099,-0.005,0.016,-0.023,-0.016,0.123,0.095,0.007,0.056,0.015,-0.164,0.033,-0.099,-0.112,-0.086,-0.106,0.113,0.099,0.134,0.074,0.076,0.179,0.055,-0.017,0.064,0.066,-0.071,-0.122,-0.064,0.093,0.033,-0.063
ctx-rh-7Networks_RH_SomMot_26,,,,,,,,,,,,,,,,,,,,,,,,,,,,,,,,,,,,,,,,,,,,,,,,,,,,,,,,,,,,,,,,,,,,,,,,,,,,,,,,,,,,,,,,,,,,,,,,,,,,,,,,,,,,,,,,,,,,,,,,,,,,,,,,,,,,,,,,,,,,,,,,,,,,,,,,,,,,,,,,,,,,,,,,,,,,,,,,,,,,,,,,,,,,,,,,,,,,,,,,-0.09,-0.085,0.026,-0.033,-0.015,-0.07,-0.012,-0.158,-0.087,-0.078,-0.138,-0.074,-0.193,-0.121,-0.134,-0.177,-0.124,-0.187,-0.207,-0.102,-0.076,-0.008,-0.011,0.044,0.1,0.039,0.098,0.137,0.087,-0.02,0.055,-0.04,0.012,-0.041,-0.083,-0.076,-0.055,-0.008,-0.035,-0.001,-0.053,0.024,0.088,0.153,-0.036,-0.018,0.003,-0.014,0.205,0.128,-0.021,0.066,0.023,0.087,0.13,0.051,-0.014,0.062,-0.054,0.107,0.068,-0.108,-0.01,-0.003,-0.083,0.118,-0.082,0.204,0.104,0.163,0.056,-0.012,-0.118,-0.052,0.066,0.027,0.024,-0.018,-0.001,-0.035,0.064,-0.091,-0.006,0.069,-0.015,-0.014,0.015,0.004,-0.019,-0.05,0.137,-0.101,0.02,-0.137,0.002,-0.155,-0.163,-0.128,-0.007,-0.034,-0.139
ctx-rh-7Networks_RH_SomMot_27,,,,,,,,,,,,,,,,,,,,,,,,,,,,,,,,,,,,,,,,,,,,,,,,,,,,,,,,,,,,,,,,,,,,,,,,,,,,,,,,,,,,,,,,,,,,,,,,,,,,,,,,,,,,,,,,,,,,,,,,,,,,,,,,,,,,,,,,,,,,,,,,,,,,,,,,,,,,,,,,,,,,,,,,,,,,,,,,,,,,,,,,,,,,,,,,,,,,,,,,,-0.313,0.101,0.115,0.094,-0.037,0.068,0.037,-0.098,0.069,-0.016,0.048,-0.034,0.015,0.035,-0.035,0.002,-0.096,-0.07,0.055,0.048,0.084,0.059,0.093,0.238,0.044,0.167,0.157,0.15,0.091,0.13,0.131,0.077,-0.047,0.046,-0.132,0.006,-0.005,0.002,0.028,-0.107,-0.03,0.031,0.176,0.075,0.046,0.097,-0.009,0.268,0.14,0.017,0.06,0.057,0.053,0.085,0.027,0.008,0.137,-0.017,0.206,0.162,-0.013,0.051,-0.048,-0.082,0.097,-0.051,0.192,0.126,0.139,0.068,-0.07,-0.088,-0.008,-0.021,0.044,0.036,-0.027,-0.046,-0.081,-0.082,-0.077,0.063,0.096,0.053,-0.176,-0.032,-0.059,-0.051,-0.107,0.037,-0.098,-0.067,-0.157,-0.021,-0.236,-0.195,-0.181,-0.052,-0.109,-0.129
ctx-rh-7Networks_RH_SomMot_28,,,,,,,,,,,,,,,,,,,,,,,,,,,,,,,,,,,,,,,,,,,,,,,,,,,,,,,,,,,,,,,,,,,,,,,,,,,,,,,,,,,,,,,,,,,,,,,,,,,,,,,,,,,,,,,,,,,,,,,,,,,,,,,,,,,,,,,,,,,,,,,,,,,,,,,,,,,,,,,,,,,,,,,,,,,,,,,,,,,,,,,,,,,,,,,,,,,,,,,,,,0.085,0.092,-0.004,-0.088,-0.011,-0.132,-0.097,0.052,-0.136,-0.097,-0.033,-0.106,-0.132,-0.216,-0.001,-0.122,-0.132,-0.075,0.039,0.024,-0.064,0.005,0.145,0.023,0.199,0.122,0.09,-0.0,0.091,0.109,0.041,-0.054,-0.036,-0.148,0.026,-0.006,-0.025,0.027,-0.03,-0.045,0.083,0.154,0.055,0.095,-0.007,-0.009,0.289,0.161,0.006,0.099,-0.069,0.109,0.067,0.178,0.002,0.202,0.003,0.187,0.11,0.016,0.078,0.051,-0.048,0.153,-0.025,0.284,0.198,0.197,0.073,0.079,0.021,0.004,0.067,0.116,0.095,0.091,-0.0,-0.08,0.081,-0.092,0.06,0.102,0.094,-0.001,-0.008,0.081,0.006,-0.031,0.23,-0.008,0.015,-0.023,0.075,-0.213,-0.242,-0.092,0.077,0.061,-0.088
ctx-rh-7Networks_RH_DorsAttn_Post_1,,,,,,,,,,,,,,,,,,,,,,,,,,,,,,,,,,,,,,,,,,,,,,,,,,,,,,,,,,,,,,,,,,,,,,,,,,,,,,,,,,,,,,,,,,,,,,,,,,,,,,,,,,,,,,,,,,,,,,,,,,,,,,,,,,,,,,,,,,,,,,,,,,,,,,,,,,,,,,,,,,,,,,,,,,,,,,,,,,,,,,,,,,,,,,,,,,,,,,,,,,,-0.017,-0.061,0.005,-0.016,-0.059,-0.012,0.035,-0.021,0.073,-0.028,-0.023,0.074,0.124,0.099,0.151,-0.0,-0.014,-0.104,0.018,0.059,0.064,0.133,0.003,-0.003,0.059,-0.028,0.004,0.018,-0.011,0.024,0.021,0.118,0.092,0.091,0.137,0.038,-0.088,-0.021,-0.029,0.027,0.045,0.168,0.045,0.089,-0.006,0.071,0.099,0.005,0.097,0.049,-0.049,-0.199,-0.117,-0.062,0.032,-0.044,0.043,0.035,-0.023,0.0,0.025,0.092,0.116,0.096,0.034,0.01,0.075,-0.003,-0.115,-0.147,0.019,0.017,-0.031,0.024,-0.02,-0.231,-0.197,-0.11,-0.16,-0.081,-0.195,-0.215,-0.097,-0.176,-0.038,-0.089,-0.14,-0.0,-0.075,0.093,0.023,-0.095,-0.002,0.059,-0.095,0.054,-0.105,-0.018
ctx-rh-7Networks_RH_DorsAttn_Post_2,,,,,,,,,,,,,,,,,,,,,,,,,,,,,,,,,,,,,,,,,,,,,,,,,,,,,,,,,,,,,,,,,,,,,,,,,,,,,,,,,,,,,,,,,,,,,,,,,,,,,,,,,,,,,,,,,,,,,,,,,,,,,,,,,,,,,,,,,,,,,,,,,,,,,,,,,,,,,,,,,,,,,,,,,,,,,,,,,,,,,,,,,,,,,,,,,,,,,,,,,,,,-0.036,-0.062,-0.086,-0.101,0.011,-0.069,-0.038,-0.045,-0.023,-0.026,-0.005,0.038,-0.065,-0.056,-0.109,-0.06,-0.019,-0.043,0.007,-0.003,-0.075,0.014,0.071,0.066,-0.04,-0.016,-0.039,0.004,-0.081,0.092,0.012,0.024,0.031,-0.001,0.012,-0.13,-0.046,-0.022,-0.007,0.009,0.14,0.007,0.04,0.013,-0.041,-0.026,0.011,0.03,0.022,-0.066,-0.081,-0.109,-0.099,-0.029,-0.047,-0.106,-0.134,-0.013,-0.077,-0.021,-0.048,0.044,-0.025,0.043,0.017,-0.005,-0.008,-0.114,-0.127,-0.053,-0.046,-0.065,-0.038,-0.029,-0.048,-0.062,-0.005,-0.052,-0.163,-0.102,-0.066,-0.015,-0.039,0.023,-0.034,-0.076,-0.085,-0.05,0.028,-0.066,-0.077,0.019,0.012,-0.007,0.032,-0.037,0.041
ctx-rh-7Networks_RH_DorsAttn_Post_3,,,,,,,,,,,,,,,,,,,,,,,,,,,,,,,,,,,,,,,,,,,,,,,,,,,,,,,,,,,,,,,,,,,,,,,,,,,,,,,,,,,,,,,,,,,,,,,,,,,,,,,,,,,,,,,,,,,,,,,,,,,,,,,,,,,,,,,,,,,,,,,,,,,,,,,,,,,,,,,,,,,,,,,,,,,,,,,,,,,,,,,,,,,,,,,,,,,,,,,,,,,,,0.059,0.074,0.041,0.102,0.07,0.063,0.034,0.031,0.069,0.027,0.031,0.137,0.035,0.052,0.018,0.023,0.011,0.027,0.018,0.088,0.038,0.008,0.056,0.006,-0.026,-0.003,0.041,0.047,0.042,0.089,0.044,0.063,0.004,0.055,-0.066,-0.103,-0.005,0.037,0.03,0.07,-0.02,-0.084,-0.1,0.093,0.123,0.091,-0.036,-0.06,-0.068,-0.062,-0.096,-0.058,-0.009,-0.095,-0.045,-0.031,-0.068,-0.009,-0.031,-0.046,0.102,-0.023,0.082,0.134,0.096,0.112,-0.115,-0.069,0.036,-0.005,-0.03,-0.05,-0.133,-0.119,-0.15,-0.088,-0.14,-0.045,-0.105,-0.105,-0.01,-0.045,0.056,-0.086,-0.059,0.081,-0.053,0.015,-0.015,-0.008,0.011,-0.04,-0.007,0.041,-0.004,-0.038
ctx-rh-7Networks_RH_DorsAttn_Post_4,,,,,,,,,,,,,,,,,,,,,,,,,,,,,,,,,,,,,,,,,,,,,,,,,,,,,,,,,,,,,,,,,,,,,,,,,,,,,,,,,,,,,,,,,,,,,,,,,,,,,,,,,,,,,,,,,,,,,,,,,,,,,,,,,,,,,,,,,,,,,,,,,,,,,,,,,,,,,,,,,,,,,,,,,,,,,,,,,,,,,,,,,,,,,,,,,,,,,,,,,,,,,,-0.024,-0.015,0.064,0.039,-0.036,0.027,0.023,-0.016,0.017,-0.06,-0.053,-0.042,-0.067,-0.041,-0.024,-0.019,-0.008,0.038,0.016,-0.095,0.068,0.095,-0.02,-0.057,-0.06,0.012,-0.02,0.121,0.098,0.071,-0.072,-0.019,0.079,0.082,0.103,0.028,0.002,-0.005,0.074,0.021,0.064,-0.038,0.004,0.098,0.06,0.001,0.083,0.072,0.075,0.111,0.029,0.091,0.058,-0.034,-0.105,0.095,-0.039,0.019,-0.024,0.279,0.084,0.238,0.063,-0.028,-0.127,0.007,0.005,0.092,0.083,0.046,0.021,0.011,-0.031,0.035,0.092,-0.017,0.072,0.039,0.045,0.061,0.048,0.121,0.069,0.034,0.014,0.019,0.021,0.033,-0.085,0.188,0.18,0.113,0.14,0.148,0.028
ctx-rh-7Networks_RH_DorsAttn_Post_5,,,,,,,,,,,,,,,,,,,,,,,,,,,,,,,,,,,,,,,,,,,,,,,,,,,,,,,,,,,,,,,,,,,,,,,,,,,,,,,,,,,,,,,,,,,,,,,,,,,,,,,,,,,,,,,,,,,,,,,,,,,,,,,,,,,,,,,,,,,,,,,,,,,,,,,,,,,,,,,,,,,,,,,,,,,,,,,,,,,,,,,,,,,,,,,,,,,,,,,,,,,,,,,0.077,0.058,0.087,0.067,0.004,0.048,0.008,0.046,0.049,0.011,-0.049,-0.032,0.004,-0.058,-0.024,0.094,0.05,0.069,-0.129,0.094,0.219,0.01,0.066,0.012,-0.053,0.07,0.083,0.107,0.103,-0.023,-0.031,0.129,0.022,0.078,-0.077,0.0,0.089,0.021,-0.137,0.011,-0.018,-0.028,0.093,0.076,-0.022,-0.006,0.037,0.005,-0.002,-0.035,0.044,0.006,0.046,-0.134,0.063,-0.069,0.005,0.025,0.101,0.044,0.151,0.095,0.001,-0.136,-0.112,-0.062,0.035,0.048,-0.037,-0.082,-0.11,-0.069,-0.1,-0.063,-0.042,-0.128,-0.119,-0.153,-0.013,-0.008,0.009,-0.075,-0.187,-0.056,-0.041,-0.074,-0.063,-0.13,0.039,0.076,0.047,0.096,-0.006,0.055
ctx-rh-7Networks_RH_DorsAttn_Post_6,,,,,,,,,,,,,,,,,,,,,,,,,,,,,,,,,,,,,,,,,,,,,,,,,,,,,,,,,,,,,,,,,,,,,,,,,,,,,,,,,,,,,,,,,,,,,,,,,,,,,,,,,,,,,,,,,,,,,,,,,,,,,,,,,,,,,,,,,,,,,,,,,,,,,,,,,,,,,,,,,,,,,,,,,,,,,,,,,,,,,,,,,,,,,,,,,,,,,,,,,,,,,,,,0.107,0.042,-0.208,0.105,-0.013,-0.038,0.099,0.067,0.014,0.024,-0.114,0.056,-0.023,0.023,0.109,0.037,0.09,0.051,0.204,0.268,0.21,0.129,0.208,0.112,0.157,0.066,0.205,0.059,0.02,0.13,0.123,-0.053,0.032,-0.001,0.032,0.114,0.035,-0.088,-0.019,-0.116,0.205,0.235,0.072,-0.085,0.006,0.033,0.039,0.043,0.021,0.189,0.051,0.225,0.093,0.06,-0.006,0.022,-0.058,0.166,0.028,0.161,0.135,0.171,0.012,-0.022,-0.135,0.025,-0.026,0.053,-0.099,-0.198,-0.149,-0.11,-0.127,-0.096,-0.118,0.009,-0.008,-0.154,-0.016,-0.07,-0.108,-0.212,0.122,-0.191,-0.005,-0.121,-0.039,-0.052,-0.024,-0.164,0.034,-0.066,0.049
ctx-rh-7Networks_RH_DorsAttn_Post_7,,,,,,,,,,,,,,,,,,,,,,,,,,,,,,,,,,,,,,,,,,,,,,,,,,,,,,,,,,,,,,,,,,,,,,,,,,,,,,,,,,,,,,,,,,,,,,,,,,,,,,,,,,,,,,,,,,,,,,,,,,,,,,,,,,,,,,,,,,,,,,,,,,,,,,,,,,,,,,,,,,,,,,,,,,,,,,,,,,,,,,,,,,,,,,,,,,,,,,,,,,,,,,,,,0.118,-0.044,0.131,0.035,-0.086,0.127,0.052,0.036,0.003,-0.087,0.021,0.005,0.064,0.141,0.088,0.151,-0.029,0.122,0.242,0.058,0.103,0.115,0.034,0.14,0.101,0.204,0.135,0.064,0.071,0.113,0.059,0.082,0.025,0.005,0.039,0.047,0.025,0.148,-0.024,0.083,0.176,0.155,0.023,0.09,0.058,0.047,-0.051,-0.028,0.106,0.008,0.08,-0.029,0.016,-0.009,-0.048,0.021,0.362,0.224,0.309,0.152,0.137,-0.002,0.062,-0.039,0.138,0.08,0.017,-0.081,-0.097,-0.051,-0.125,-0.059,-0.114,-0.107,-0.105,-0.178,0.057,-0.08,0.091,-0.102,-0.092,0.031,-0.12,0.028,-0.028,-0.146,0.142,0.183,0.113,0.161,0.174,0.176
ctx-rh-7Networks_RH_DorsAttn_Post_8,,,,,,,,,,,,,,,,,,,,,,,,,,,,,,,,,,,,,,,,,,,,,,,,,,,,,,,,,,,,,,,,,,,,,,,,,,,,,,,,,,,,,,,,,,,,,,,,,,,,,,,,,,,,,,,,,,,,,,,,,,,,,,,,,,,,,,,,,,,,,,,,,,,,,,,,,,,,,,,,,,,,,,,,,,,,,,,,,,,,,,,,,,,,,,,,,,,,,,,,,,,,,,,,,,0.024,-0.007,-0.004,-0.004,0.002,0.075,-0.022,-0.029,-0.058,0.011,-0.041,-0.072,0.046,0.026,-0.042,-0.045,-0.002,0.158,-0.054,-0.019,-0.023,-0.078,-0.036,0.077,0.077,0.119,-0.017,-0.094,0.066,-0.078,0.089,-0.029,-0.026,0.042,0.021,-0.153,-0.019,-0.035,-0.033,0.12,0.091,-0.066,0.022,0.019,-0.008,0.028,0.04,-0.014,0.007,0.02,-0.12,0.073,-0.093,-0.023,0.03,0.095,0.072,0.089,0.1,0.019,-0.032,-0.06,-0.043,0.03,0.048,-0.02,-0.041,-0.064,-0.078,-0.027,-0.029,0.065,-0.135,-0.092,-0.2,0.018,-0.014,0.029,-0.006,-0.088,0.025,-0.054,-0.012,-0.039,-0.047,0.074,0.052,0.03,0.076,0.018,0.062
ctx-rh-7Networks_RH_DorsAttn_Post_9,,,,,,,,,,,,,,,,,,,,,,,,,,,,,,,,,,,,,,,,,,,,,,,,,,,,,,,,,,,,,,,,,,,,,,,,,,,,,,,,,,,,,,,,,,,,,,,,,,,,,,,,,,,,,,,,,,,,,,,,,,,,,,,,,,,,,,,,,,,,,,,,,,,,,,,,,,,,,,,,,,,,,,,,,,,,,,,,,,,,,,,,,,,,,,,,,,,,,,,,,,,,,,,,,,,0.057,-0.038,-0.111,0.079,-0.006,-0.008,0.001,-0.171,0.041,0.041,0.122,0.115,0.08,0.134,0.056,0.241,0.274,0.158,0.136,0.219,0.088,0.194,0.132,0.159,0.137,0.127,0.091,0.025,-0.061,-0.008,-0.02,0.061,0.081,0.001,0.031,0.023,-0.046,0.265,0.203,0.069,-0.095,0.064,0.023,-0.008,0.008,0.035,0.151,0.045,0.257,0.168,0.062,0.063,0.007,-0.082,0.195,0.056,0.247,0.141,0.246,0.149,0.05,-0.077,0.016,0.023,0.09,-0.11,-0.118,-0.138,-0.148,-0.096,-0.094,-0.053,0.006,0.011,-0.114,-0.07,-0.006,-0.023,-0.115,0.191,-0.091,0.01,-0.077,0.02,-0.131,-0.054,-0.151,0.029,-0.057,0.059
ctx-rh-7Networks_RH_DorsAttn_Post_10,,,,,,,,,,,,,,,,,,,,,,,,,,,,,,,,,,,,,,,,,,,,,,,,,,,,,,,,,,,,,,,,,,,,,,,,,,,,,,,,,,,,,,,,,,,,,,,,,,,,,,,,,,,,,,,,,,,,,,,,,,,,,,,,,,,,,,,,,,,,,,,,,,,,,,,,,,,,,,,,,,,,,,,,,,,,,,,,,,,,,,,,,,,,,,,,,,,,,,,,,,,,,,,,,,,,0.012,0.039,0.055,0.077,0.031,-0.071,-0.042,0.038,-0.033,-0.019,0.123,0.116,0.085,0.017,0.026,0.145,0.026,0.044,0.034,-0.07,0.103,0.084,0.06,0.13,0.003,-0.047,0.002,-0.019,0.026,-0.004,0.003,0.07,0.008,-0.057,0.065,0.044,0.003,-0.001,-0.04,-0.01,0.067,0.052,-0.029,-0.14,-0.042,-0.026,-0.036,0.089,0.009,0.063,-0.019,-0.08,-0.068,0.182,0.098,0.142,0.051,0.081,-0.022,-0.054,-0.075,0.081,0.017,-0.058,0.003,-0.049,0.004,-0.046,-0.032,-0.066,-0.099,-0.078,-0.142,0.078,-0.017,0.039,-0.059,-0.046,0.024,-0.137,-0.031,-0.053,-0.17,0.032,0.025,0.013,0.024,0.002,0.077
ctx-rh-7Networks_RH_DorsAttn_Post_11,,,,,,,,,,,,,,,,,,,,,,,,,,,,,,,,,,,,,,,,,,,,,,,,,,,,,,,,,,,,,,,,,,,,,,,,,,,,,,,,,,,,,,,,,,,,,,,,,,,,,,,,,,,,,,,,,,,,,,,,,,,,,,,,,,,,,,,,,,,,,,,,,,,,,,,,,,,,,,,,,,,,,,,,,,,,,,,,,,,,,,,,,,,,,,,,,,,,,,,,,,,,,,,,,,,,,-0.065,0.049,-0.007,-0.08,0.015,-0.164,-0.066,-0.05,-0.07,0.102,0.107,0.066,-0.081,0.096,0.188,0.043,-0.009,-0.003,0.021,0.031,0.097,0.032,0.09,-0.0,-0.022,-0.03,-0.022,0.05,0.005,0.022,-0.01,0.02,0.002,0.074,-0.022,0.064,0.169,0.064,0.033,0.101,0.088,0.001,0.049,0.005,0.097,-0.039,0.073,-0.061,-0.026,0.023,0.062,0.02,0.158,0.091,0.122,0.136,0.212,0.059,-0.024,-0.09,0.097,0.03,0.021,-0.093,-0.074,-0.124,-0.153,0.007,-0.045,-0.106,-0.098,-0.156,-0.005,0.006,0.105,-0.035,-0.092,0.122,-0.12,0.023,-0.067,-0.077,0.091,0.091,-0.029,0.118,-0.019,0.017
ctx-rh-7Networks_RH_DorsAttn_Post_12,,,,,,,,,,,,,,,,,,,,,,,,,,,,,,,,,,,,,,,,,,,,,,,,,,,,,,,,,,,,,,,,,,,,,,,,,,,,,,,,,,,,,,,,,,,,,,,,,,,,,,,,,,,,,,,,,,,,,,,,,,,,,,,,,,,,,,,,,,,,,,,,,,,,,,,,,,,,,,,,,,,,,,,,,,,,,,,,,,,,,,,,,,,,,,,,,,,,,,,,,,,,,,,,,,,,,,0.061,-0.036,0.02,-0.059,-0.2,-0.055,0.137,0.091,0.233,0.111,0.194,0.091,0.052,0.287,0.113,0.056,0.158,0.094,0.191,0.137,0.076,0.113,0.069,-0.001,0.037,-0.066,0.056,-0.018,0.047,0.083,0.026,0.0,0.132,-0.015,0.197,0.197,0.062,0.066,0.061,-0.013,0.004,-0.021,-0.062,0.054,-0.001,0.148,0.055,0.02,0.027,0.022,-0.053,0.2,0.089,0.182,0.059,0.238,0.139,0.123,-0.053,0.029,0.039,0.108,0.054,-0.076,-0.055,-0.107,-0.022,-0.044,-0.028,-0.081,-0.044,-0.041,-0.047,0.003,-0.104,-0.059,0.176,-0.13,-0.022,-0.119,-0.069,-0.127,-0.079,-0.099,0.055,0.015,0.031
ctx-rh-7Networks_RH_DorsAttn_Post_13,,,,,,,,,,,,,,,,,,,,,,,,,,,,,,,,,,,,,,,,,,,,,,,,,,,,,,,,,,,,,,,,,,,,,,,,,,,,,,,,,,,,,,,,,,,,,,,,,,,,,,,,,,,,,,,,,,,,,,,,,,,,,,,,,,,,,,,,,,,,,,,,,,,,,,,,,,,,,,,,,,,,,,,,,,,,,,,,,,,,,,,,,,,,,,,,,,,,,,,,,,,,,,,,,,,,,,,-0.037,0.14,-0.041,-0.033,0.083,-0.028,-0.07,0.132,0.164,0.13,0.037,0.055,0.118,0.199,0.12,0.164,-0.002,0.048,-0.057,0.089,0.005,0.017,-0.037,-0.041,-0.099,-0.037,0.012,0.024,0.014,0.025,-0.129,0.075,-0.026,0.146,0.089,-0.014,-0.082,0.083,0.03,0.027,-0.059,0.042,0.084,-0.068,0.229,0.127,-0.012,0.054,-0.089,-0.027,0.116,0.087,0.139,0.037,0.193,0.059,-0.112,-0.18,0.028,0.009,-0.069,-0.059,-0.127,-0.053,-0.133,-0.118,-0.088,-0.07,-0.087,-0.11,-0.056,-0.084,-0.016,-0.034,-0.18,0.088,-0.184,-0.121,-0.052,-0.131,-0.189,-0.096,-0.182,-0.028,-0.15,-0.024
ctx-rh-7Networks_RH_DorsAttn_Post_14,,,,,,,,,,,,,,,,,,,,,,,,,,,,,,,,,,,,,,,,,,,,,,,,,,,,,,,,,,,,,,,,,,,,,,,,,,,,,,,,,,,,,,,,,,,,,,,,,,,,,,,,,,,,,,,,,,,,,,,,,,,,,,,,,,,,,,,,,,,,,,,,,,,,,,,,,,,,,,,,,,,,,,,,,,,,,,,,,,,,,,,,,,,,,,,,,,,,,,,,,,,,,,,,,,,,,,,,0.06,-0.045,-0.177,0.091,-0.026,0.021,0.142,0.137,0.215,0.143,0.083,0.207,0.199,0.143,0.21,0.108,0.14,-0.056,0.103,-0.06,0.05,0.014,-0.086,-0.053,-0.058,-0.015,0.022,0.053,-0.017,-0.076,-0.015,-0.033,0.24,0.143,-0.004,-0.023,0.046,0.004,0.059,0.012,-0.02,0.124,-0.015,0.249,0.096,-0.048,0.023,-0.039,-0.031,0.114,0.012,0.125,0.052,0.16,0.064,0.005,-0.13,0.054,0.044,-0.013,-0.09,-0.046,-0.027,-0.162,-0.096,-0.094,-0.047,0.002,0.004,-0.157,-0.052,-0.11,-0.037,-0.151,0.026,-0.18,-0.087,-0.168,-0.064,-0.181,-0.154,-0.195,-0.041,-0.145,-0.028
ctx-rh-7Networks_RH_DorsAttn_FEF_1,,,,,,,,,,,,,,,,,,,,,,,,,,,,,,,,,,,,,,,,,,,,,,,,,,,,,,,,,,,,,,,,,,,,,,,,,,,,,,,,,,,,,,,,,,,,,,,,,,,,,,,,,,,,,,,,,,,,,,,,,,,,,,,,,,,,,,,,,,,,,,,,,,,,,,,,,,,,,,,,,,,,,,,,,,,,,,,,,,,,,,,,,,,,,,,,,,,,,,,,,,,,,,,,,,,,,,,,,-0.091,-0.063,-0.028,0.03,0.076,0.129,0.062,0.085,0.024,0.018,0.2,0.096,0.043,0.145,-0.05,0.121,0.144,0.172,0.158,0.031,0.038,-0.042,-0.109,0.006,0.023,0.022,0.026,0.015,-0.066,0.027,-0.109,0.073,0.066,-0.042,-0.17,-0.02,-0.04,0.097,-0.08,0.01,-0.011,-0.065,0.195,0.077,-0.068,-0.011,-0.128,-0.089,0.15,0.069,0.086,0.078,0.212,0.119,0.008,-0.116,0.041,-0.081,-0.078,-0.035,-0.173,-0.031,-0.051,-0.074,0.04,-0.157,-0.129,-0.117,-0.026,-0.034,0.042,-0.135,-0.069,0.083,-0.157,-0.034,-0.083,-0.018,-0.028,0.017,-0.058,-0.074,0.016,0.117
ctx-rh-7Networks_RH_DorsAttn_FEF_2,,,,,,,,,,,,,,,,,,,,,,,,,,,,,,,,,,,,,,,,,,,,,,,,,,,,,,,,,,,,,,,,,,,,,,,,,,,,,,,,,,,,,,,,,,,,,,,,,,,,,,,,,,,,,,,,,,,,,,,,,,,,,,,,,,,,,,,,,,,,,,,,,,,,,,,,,,,,,,,,,,,,,,,,,,,,,,,,,,,,,,,,,,,,,,,,,,,,,,,,,,,,,,,,,,,,,,,,,,-0.098,-0.049,-0.087,-0.096,0.089,0.056,0.024,-0.044,-0.025,0.083,0.045,-0.047,-0.023,-0.093,0.026,0.047,0.051,-0.013,-0.054,-0.018,-0.106,0.01,0.055,-0.016,0.003,0.034,-0.055,-0.102,0.021,-0.061,-0.027,0.019,0.007,-0.066,0.092,0.078,0.141,-0.032,-0.003,-0.004,-0.065,0.131,-0.012,0.028,0.024,-0.043,-0.048,0.285,0.082,0.265,0.11,0.168,0.077,-0.095,-0.093,-0.069,0.032,-0.035,-0.08,-0.049,0.013,-0.054,-0.034,-0.061,-0.054,-0.17,-0.125,0.135,0.1,0.11,-0.068,-0.026,0.142,-0.071,-0.031,0.032,0.0,0.071,0.043,0.038,0.077,0.043,0.076
ctx-rh-7Networks_RH_DorsAttn_FEF_3,,,,,,,,,,,,,,,,,,,,,,,,,,,,,,,,,,,,,,,,,,,,,,,,,,,,,,,,,,,,,,,,,,,,,,,,,,,,,,,,,,,,,,,,,,,,,,,,,,,,,,,,,,,,,,,,,,,,,,,,,,,,,,,,,,,,,,,,,,,,,,,,,,,,,,,,,,,,,,,,,,,,,,,,,,,,,,,,,,,,,,,,,,,,,,,,,,,,,,,,,,,,,,,,,,,,,,,,,,,0.003,0.049,0.064,0.063,0.039,0.1,0.115,0.146,0.227,0.153,0.108,0.147,0.074,0.115,-0.022,0.088,0.038,0.084,0.094,0.02,0.076,0.117,0.063,0.179,0.154,0.063,0.075,0.017,0.003,0.178,0.16,-0.006,-0.079,0.058,0.085,0.168,0.019,-0.03,0.08,0.017,0.182,0.067,-0.112,0.007,-0.006,-0.063,0.212,-0.033,0.178,0.05,0.254,0.151,0.078,-0.095,-0.005,-0.033,-0.015,0.018,-0.148,-0.076,-0.165,-0.092,-0.112,-0.004,-0.013,-0.011,0.02,0.049,0.064,-0.034,-0.028,0.2,-0.101,0.03,-0.08,-0.008,-0.164,-0.143,-0.101,0.0,0.041,0.013
ctx-rh-7Networks_RH_DorsAttn_PrCv_1,,,,,,,,,,,,,,,,,,,,,,,,,,,,,,,,,,,,,,,,,,,,,,,,,,,,,,,,,,,,,,,,,,,,,,,,,,,,,,,,,,,,,,,,,,,,,,,,,,,,,,,,,,,,,,,,,,,,,,,,,,,,,,,,,,,,,,,,,,,,,,,,,,,,,,,,,,,,,,,,,,,,,,,,,,,,,,,,,,,,,,,,,,,,,,,,,,,,,,,,,,,,,,,,,,,,,,,,,,,,-0.068,0.035,0.079,0.054,0.069,-0.099,0.036,0.121,0.068,-0.017,0.018,-0.091,0.04,0.024,0.064,0.076,-0.034,0.094,0.005,-0.084,-0.017,0.055,0.058,0.07,0.002,-0.058,-0.068,-0.157,0.052,0.109,0.018,-0.113,-0.094,0.004,0.057,0.004,-0.042,-0.005,-0.075,0.075,-0.054,-0.115,-0.014,-0.04,-0.005,0.176,0.109,0.067,0.087,0.08,-0.015,-0.045,-0.066,0.103,0.043,0.012,-0.128,-0.107,-0.019,-0.154,-0.036,-0.071,-0.184,-0.089,-0.142,-0.008,0.009,0.002,-0.124,-0.134,0.066,-0.114,-0.052,0.014,-0.031,0.048,0.079,-0.035,0.028,0.018,0.078
ctx-rh-7Networks_RH_SalVentAttn_TempOccPar_1,,,,,,,,,,,,,,,,,,,,,,,,,,,,,,,,,,,,,,,,,,,,,,,,,,,,,,,,,,,,,,,,,,,,,,,,,,,,,,,,,,,,,,,,,,,,,,,,,,,,,,,,,,,,,,,,,,,,,,,,,,,,,,,,,,,,,,,,,,,,,,,,,,,,,,,,,,,,,,,,,,,,,,,,,,,,,,,,,,,,,,,,,,,,,,,,,,,,,,,,,,,,,,,,,,,,,,,,,,,,,-0.01,-0.159,-0.058,-0.073,-0.127,-0.198,-0.138,-0.214,-0.141,-0.194,-0.087,-0.149,-0.018,-0.029,-0.016,-0.08,-0.178,-0.061,-0.064,-0.049,0.077,-0.003,-0.038,0.041,-0.076,-0.004,-0.084,-0.023,-0.042,0.005,-0.062,-0.182,-0.126,0.022,-0.053,-0.066,-0.237,-0.088,-0.221,-0.107,-0.072,-0.051,0.009,-0.01,-0.107,-0.061,0.007,-0.008,-0.126,-0.015,0.026,0.017,0.066,0.018,0.016,-0.066,-0.068,-0.127,-0.129,-0.052,-0.069,-0.014,-0.117,-0.111,0.039,0.062,-0.002,-0.019,0.046,-0.049,0.044,-0.03,0.065,-0.053,0.074,0.06,0.091,-0.004,0.012,0.053
ctx-rh-7Networks_RH_SalVentAttn_TempOccPar_2,,,,,,,,,,,,,,,,,,,,,,,,,,,,,,,,,,,,,,,,,,,,,,,,,,,,,,,,,,,,,,,,,,,,,,,,,,,,,,,,,,,,,,,,,,,,,,,,,,,,,,,,,,,,,,,,,,,,,,,,,,,,,,,,,,,,,,,,,,,,,,,,,,,,,,,,,,,,,,,,,,,,,,,,,,,,,,,,,,,,,,,,,,,,,,,,,,,,,,,,,,,,,,,,,,,,,,,,,,,,,,-0.077,-0.109,-0.114,0.001,-0.035,-0.036,-0.106,-0.029,0.058,-0.094,-0.08,-0.097,-0.046,-0.074,0.036,0.022,-0.018,-0.083,-0.088,0.061,0.04,0.027,-0.015,-0.107,-0.053,-0.096,-0.023,-0.008,-0.079,-0.155,-0.134,-0.03,0.006,-0.122,-0.131,-0.122,-0.162,0.022,0.005,-0.111,-0.045,-0.108,-0.019,-0.151,-0.038,-0.147,-0.104,-0.017,0.024,-0.042,-0.009,-0.037,-0.002,0.002,-0.007,-0.083,-0.001,-0.007,0.035,0.139,-0.09,-0.081,-0.17,-0.09,-0.033,-0.088,-0.028,-0.051,-0.043,-0.023,-0.057,-0.058,0.066,-0.169,-0.135,-0.007,-0.095,-0.027,0.031
ctx-rh-7Networks_RH_SalVentAttn_TempOccPar_3,,,,,,,,,,,,,,,,,,,,,,,,,,,,,,,,,,,,,,,,,,,,,,,,,,,,,,,,,,,,,,,,,,,,,,,,,,,,,,,,,,,,,,,,,,,,,,,,,,,,,,,,,,,,,,,,,,,,,,,,,,,,,,,,,,,,,,,,,,,,,,,,,,,,,,,,,,,,,,,,,,,,,,,,,,,,,,,,,,,,,,,,,,,,,,,,,,,,,,,,,,,,,,,,,,,,,,,,,,,,,,,0.032,0.114,-0.007,0.013,0.114,0.123,0.045,0.027,0.003,-0.008,-0.066,0.103,0.056,0.024,0.076,-0.081,-0.11,-0.145,-0.088,-0.041,0.045,0.037,-0.1,-0.053,-0.188,0.147,0.113,0.002,-0.237,-0.02,-0.055,0.016,-0.086,-0.041,0.057,-0.102,0.129,0.06,-0.106,0.044,-0.098,-0.052,0.07,-0.001,-0.058,-0.042,0.047,0.085,-0.076,-0.157,0.001,-0.122,-0.074,-0.162,-0.176,-0.098,-0.109,-0.145,-0.078,-0.177,-0.148,-0.149,-0.106,-0.116,-0.167,-0.172,-0.221,-0.026,-0.208,-0.083,-0.052,-0.058,-0.188,-0.071,-0.177,-0.158,-0.151,0.031
ctx-rh-7Networks_RH_SalVentAttn_TempOccPar_4,,,,,,,,,,,,,,,,,,,,,,,,,,,,,,,,,,,,,,,,,,,,,,,,,,,,,,,,,,,,,,,,,,,,,,,,,,,,,,,,,,,,,,,,,,,,,,,,,,,,,,,,,,,,,,,,,,,,,,,,,,,,,,,,,,,,,,,,,,,,,,,,,,,,,,,,,,,,,,,,,,,,,,,,,,,,,,,,,,,,,,,,,,,,,,,,,,,,,,,,,,,,,,,,,,,,,,,,,,,,,,,,0.101,-0.03,0.012,0.169,0.028,-0.006,0.016,-0.057,-0.093,-0.036,0.104,0.094,-0.059,0.08,-0.03,-0.044,-0.032,0.038,0.03,0.084,0.096,-0.022,0.003,-0.169,0.086,0.124,0.035,-0.11,-0.106,0.026,0.04,-0.032,-0.119,0.122,-0.161,0.1,-0.087,-0.05,-0.015,-0.096,-0.053,0.029,0.025,-0.098,-0.024,-0.025,-0.007,-0.014,-0.149,0.054,-0.047,-0.046,-0.172,-0.148,-0.019,-0.13,-0.101,-0.043,-0.185,-0.162,-0.223,-0.123,-0.034,-0.193,-0.139,-0.289,-0.085,-0.187,-0.115,-0.091,-0.075,-0.166,-0.02,-0.171,-0.08,-0.141,0.075
ctx-rh-7Networks_RH_SalVentAttn_TempOccPar_5,,,,,,,,,,,,,,,,,,,,,,,,,,,,,,,,,,,,,,,,,,,,,,,,,,,,,,,,,,,,,,,,,,,,,,,,,,,,,,,,,,,,,,,,,,,,,,,,,,,,,,,,,,,,,,,,,,,,,,,,,,,,,,,,,,,,,,,,,,,,,,,,,,,,,,,,,,,,,,,,,,,,,,,,,,,,,,,,,,,,,,,,,,,,,,,,,,,,,,,,,,,,,,,,,,,,,,,,,,,,,,,,,-0.042,0.034,0.143,0.006,0.028,0.091,-0.066,0.031,-0.014,0.043,0.129,0.01,0.017,-0.0,-0.085,-0.072,0.015,0.017,-0.037,-0.064,-0.15,0.02,-0.048,0.007,0.061,-0.005,-0.077,-0.072,-0.007,-0.073,-0.046,-0.119,0.034,-0.088,0.057,-0.084,0.012,-0.02,-0.093,0.015,-0.055,0.02,-0.157,-0.064,-0.023,-0.055,-0.064,-0.174,0.004,-0.083,-0.135,-0.198,-0.151,-0.014,-0.104,-0.09,-0.015,-0.236,-0.164,-0.255,-0.104,-0.068,-0.131,-0.179,-0.265,-0.128,-0.18,-0.176,-0.075,-0.09,-0.073,0.036,-0.178,-0.142,-0.181,0.133
ctx-rh-7Networks_RH_SalVentAttn_PrC_1,,,,,,,,,,,,,,,,,,,,,,,,,,,,,,,,,,,,,,,,,,,,,,,,,,,,,,,,,,,,,,,,,,,,,,,,,,,,,,,,,,,,,,,,,,,,,,,,,,,,,,,,,,,,,,,,,,,,,,,,,,,,,,,,,,,,,,,,,,,,,,,,,,,,,,,,,,,,,,,,,,,,,,,,,,,,,,,,,,,,,,,,,,,,,,,,,,,,,,,,,,,,,,,,,,,,,,,,,,,,,,,,,,-0.078,-0.001,-0.005,-0.006,0.053,-0.156,0.054,-0.023,-0.042,0.01,-0.038,0.103,-0.06,0.059,0.022,0.116,0.153,0.078,0.039,0.015,0.075,-0.058,-0.034,-0.038,-0.091,-0.092,-0.098,-0.035,0.051,-0.064,-0.059,-0.09,-0.092,0.006,-0.003,-0.128,-0.066,-0.059,-0.082,0.085,-0.006,-0.003,-0.086,0.08,0.046,0.033,-0.039,0.016,-0.093,-0.051,-0.01,-0.035,-0.01,0.005,-0.007,0.038,-0.001,-0.014,-0.124,-0.07,0.015,-0.006,-0.108,-0.078,-0.037,-0.1,-0.089,-0.112,0.024,-0.055,-0.056,0.002,-0.138,-0.015,0.039
ctx-rh-7Networks_RH_SalVentAttn_FrOperIns_1,,,,,,,,,,,,,,,,,,,,,,,,,,,,,,,,,,,,,,,,,,,,,,,,,,,,,,,,,,,,,,,,,,,,,,,,,,,,,,,,,,,,,,,,,,,,,,,,,,,,,,,,,,,,,,,,,,,,,,,,,,,,,,,,,,,,,,,,,,,,,,,,,,,,,,,,,,,,,,,,,,,,,,,,,,,,,,,,,,,,,,,,,,,,,,,,,,,,,,,,,,,,,,,,,,,,,,,,,,,,,,,,,,,-0.12,-0.215,-0.167,-0.147,-0.094,-0.217,-0.177,-0.139,-0.04,-0.061,-0.117,-0.152,-0.145,-0.073,-0.07,-0.079,-0.067,-0.055,-0.103,-0.043,-0.033,-0.06,-0.089,-0.026,-0.069,-0.168,-0.042,-0.096,-0.068,-0.092,-0.059,-0.137,-0.129,-0.217,-0.131,-0.061,-0.142,0.031,-0.269,0.035,-0.202,-0.109,-0.224,-0.139,-0.127,-0.056,0.075,0.05,-0.112,-0.138,-0.001,-0.02,-0.173,-0.176,0.039,-0.206,-0.202,-0.302,-0.161,-0.065,-0.223,-0.076,-0.135,-0.161,-0.001,-0.055,0.024,-0.106,0.007,-0.013,-0.04,-0.122,-0.112,0.003
ctx-rh-7Networks_RH_SalVentAttn_FrOperIns_2,,,,,,,,,,,,,,,,,,,,,,,,,,,,,,,,,,,,,,,,,,,,,,,,,,,,,,,,,,,,,,,,,,,,,,,,,,,,,,,,,,,,,,,,,,,,,,,,,,,,,,,,,,,,,,,,,,,,,,,,,,,,,,,,,,,,,,,,,,,,,,,,,,,,,,,,,,,,,,,,,,,,,,,,,,,,,,,,,,,,,,,,,,,,,,,,,,,,,,,,,,,,,,,,,,,,,,,,,,,,,,,,,,,,-0.048,-0.008,-0.037,-0.031,-0.094,-0.132,0.008,-0.004,0.013,0.056,-0.161,-0.195,-0.14,-0.126,-0.087,-0.077,-0.091,-0.174,-0.064,-0.187,0.024,0.087,0.075,-0.121,-0.116,-0.024,-0.085,-0.073,-0.039,0.067,-0.089,0.086,-0.095,-0.046,-0.007,-0.103,0.037,-0.093,-0.019,-0.205,-0.047,-0.079,-0.025,-0.091,-0.219,0.007,-0.037,-0.143,-0.224,-0.184,-0.057,-0.162,-0.137,-0.027,-0.28,-0.249,-0.282,-0.287,-0.095,-0.184,-0.171,-0.245,-0.122,-0.148,-0.037,0.013,-0.082,-0.166,-0.009,-0.163,-0.161,-0.208,-0.014
ctx-rh-7Networks_RH_SalVentAttn_FrOperIns_3,,,,,,,,,,,,,,,,,,,,,,,,,,,,,,,,,,,,,,,,,,,,,,,,,,,,,,,,,,,,,,,,,,,,,,,,,,,,,,,,,,,,,,,,,,,,,,,,,,,,,,,,,,,,,,,,,,,,,,,,,,,,,,,,,,,,,,,,,,,,,,,,,,,,,,,,,,,,,,,,,,,,,,,,,,,,,,,,,,,,,,,,,,,,,,,,,,,,,,,,,,,,,,,,,,,,,,,,,,,,,,,,,,,,,-0.073,-0.1,-0.287,-0.12,-0.093,-0.047,0.043,-0.058,-0.018,-0.077,-0.103,-0.005,0.068,-0.013,-0.027,-0.071,-0.119,-0.022,-0.042,-0.164,-0.102,-0.079,-0.251,-0.09,-0.002,0.054,-0.158,-0.031,-0.15,-0.151,-0.072,-0.07,-0.083,-0.026,-0.147,0.019,-0.067,0.084,-0.149,-0.072,-0.127,-0.085,-0.098,-0.079,0.062,-0.051,-0.13,-0.14,-0.089,0.071,-0.069,-0.138,0.041,-0.184,-0.204,-0.242,-0.052,0.04,-0.076,-0.054,-0.169,-0.151,-0.096,-0.153,0.033,0.021,0.06,0.097,-0.031,-0.148,-0.094,0.066
ctx-rh-7Networks_RH_SalVentAttn_FrOperIns_4,,,,,,,,,,,,,,,,,,,,,,,,,,,,,,,,,,,,,,,,,,,,,,,,,,,,,,,,,,,,,,,,,,,,,,,,,,,,,,,,,,,,,,,,,,,,,,,,,,,,,,,,,,,,,,,,,,,,,,,,,,,,,,,,,,,,,,,,,,,,,,,,,,,,,,,,,,,,,,,,,,,,,,,,,,,,,,,,,,,,,,,,,,,,,,,,,,,,,,,,,,,,,,,,,,,,,,,,,,,,,,,,,,,,,,-0.136,-0.102,-0.169,-0.107,-0.054,-0.043,-0.083,-0.051,-0.097,-0.136,-0.013,0.032,-0.057,-0.025,-0.096,-0.055,-0.029,-0.146,0.023,0.027,-0.035,-0.207,-0.119,0.011,-0.015,-0.127,-0.11,-0.053,-0.183,0.041,-0.051,-0.129,-0.02,-0.163,-0.044,-0.087,0.001,-0.124,-0.13,-0.062,-0.037,-0.045,-0.145,0.019,-0.108,-0.121,-0.165,-0.092,0.021,-0.129,-0.08,0.01,-0.154,-0.179,-0.221,-0.171,-0.028,-0.18,-0.134,-0.22,-0.122,-0.143,-0.095,-0.025,-0.062,-0.123,-0.034,-0.15,-0.179,-0.101,0.033
ctx-rh-7Networks_RH_SalVentAttn_FrOperIns_5,,,,,,,,,,,,,,,,,,,,,,,,,,,,,,,,,,,,,,,,,,,,,,,,,,,,,,,,,,,,,,,,,,,,,,,,,,,,,,,,,,,,,,,,,,,,,,,,,,,,,,,,,,,,,,,,,,,,,,,,,,,,,,,,,,,,,,,,,,,,,,,,,,,,,,,,,,,,,,,,,,,,,,,,,,,,,,,,,,,,,,,,,,,,,,,,,,,,,,,,,,,,,,,,,,,,,,,,,,,,,,,,,,,,,,,-0.124,-0.15,-0.055,-0.087,-0.034,-0.013,0.036,-0.155,-0.209,-0.03,-0.05,0.044,-0.03,-0.094,-0.148,-0.08,-0.208,0.01,-0.081,-0.115,-0.23,-0.185,-0.076,-0.03,-0.143,-0.131,-0.092,-0.138,0.004,-0.056,-0.116,-0.038,-0.172,-0.045,-0.129,-0.055,-0.224,-0.189,-0.051,0.004,-0.069,-0.076,0.06,-0.08,-0.109,-0.11,-0.055,0.057,-0.117,-0.126,0.079,-0.218,-0.111,-0.178,-0.194,-0.033,-0.135,-0.156,-0.095,-0.064,-0.097,-0.096,-0.044,0.009,-0.154,-0.088,-0.064,-0.247,-0.115,0.006
ctx-rh-7Networks_RH_SalVentAttn_FrOperIns_6,,,,,,,,,,,,,,,,,,,,,,,,,,,,,,,,,,,,,,,,,,,,,,,,,,,,,,,,,,,,,,,,,,,,,,,,,,,,,,,,,,,,,,,,,,,,,,,,,,,,,,,,,,,,,,,,,,,,,,,,,,,,,,,,,,,,,,,,,,,,,,,,,,,,,,,,,,,,,,,,,,,,,,,,,,,,,,,,,,,,,,,,,,,,,,,,,,,,,,,,,,,,,,,,,,,,,,,,,,,,,,,,,,,,,,,,-0.173,0.001,-0.139,0.032,-0.105,-0.169,-0.079,-0.063,0.052,0.006,-0.015,-0.06,-0.12,-0.081,-0.095,-0.058,-0.102,-0.028,-0.017,-0.033,-0.138,-0.017,0.049,-0.034,-0.092,-0.109,-0.115,-0.122,-0.17,-0.035,-0.065,-0.057,0.059,-0.097,0.023,-0.136,0.014,-0.221,-0.144,-0.081,0.137,0.097,0.117,0.022,-0.059,0.039,0.155,-0.11,0.01,0.013,-0.083,-0.135,-0.127,0.085,0.166,0.004,-0.039,0.007,-0.104,0.063,-0.03,0.095,-0.011,0.19,0.158,0.167,0.06,0.062,0.104
ctx-rh-7Networks_RH_SalVentAttn_Med_1,,,,,,,,,,,,,,,,,,,,,,,,,,,,,,,,,,,,,,,,,,,,,,,,,,,,,,,,,,,,,,,,,,,,,,,,,,,,,,,,,,,,,,,,,,,,,,,,,,,,,,,,,,,,,,,,,,,,,,,,,,,,,,,,,,,,,,,,,,,,,,,,,,,,,,,,,,,,,,,,,,,,,,,,,,,,,,,,,,,,,,,,,,,,,,,,,,,,,,,,,,,,,,,,,,,,,,,,,,,,,,,,,,,,,,,,,-0.18,-0.112,-0.04,-0.123,-0.039,-0.072,-0.134,-0.003,0.016,-0.033,-0.039,-0.051,-0.148,-0.052,-0.139,-0.04,-0.029,-0.067,-0.172,-0.117,-0.027,0.057,-0.11,-0.029,-0.05,-0.089,0.084,-0.006,-0.079,0.057,-0.071,0.018,-0.093,0.018,-0.15,-0.113,-0.008,0.059,-0.089,-0.194,0.028,-0.031,-0.134,-0.14,-0.033,0.006,-0.107,-0.109,0.018,-0.095,-0.197,-0.166,-0.075,0.007,-0.101,-0.113,-0.147,-0.12,-0.075,-0.11,0.047,0.028,-0.119,-0.055,-0.102,-0.189,-0.156,0.058
ctx-rh-7Networks_RH_SalVentAttn_Med_2,,,,,,,,,,,,,,,,,,,,,,,,,,,,,,,,,,,,,,,,,,,,,,,,,,,,,,,,,,,,,,,,,,,,,,,,,,,,,,,,,,,,,,,,,,,,,,,,,,,,,,,,,,,,,,,,,,,,,,,,,,,,,,,,,,,,,,,,,,,,,,,,,,,,,,,,,,,,,,,,,,,,,,,,,,,,,,,,,,,,,,,,,,,,,,,,,,,,,,,,,,,,,,,,,,,,,,,,,,,,,,,,,,,,,,,,,,-0.119,-0.174,-0.191,-0.026,-0.045,-0.132,-0.056,0.006,-0.026,0.03,-0.07,-0.142,-0.025,-0.092,0.089,0.095,0.121,-0.047,-0.058,0.044,0.072,0.042,0.001,0.0,-0.008,0.062,-0.034,0.026,0.019,0.063,0.077,-0.129,0.03,-0.002,-0.143,-0.047,0.046,-0.005,-0.047,0.124,0.094,-0.009,-0.023,-0.051,0.034,-0.031,0.001,0.027,-0.025,-0.117,-0.173,-0.118,-0.018,-0.136,-0.036,-0.164,-0.061,-0.018,-0.074,0.117,-0.013,-0.038,-0.016,-0.08,-0.006,-0.099,0.071
ctx-rh-7Networks_RH_SalVentAttn_Med_3,,,,,,,,,,,,,,,,,,,,,,,,,,,,,,,,,,,,,,,,,,,,,,,,,,,,,,,,,,,,,,,,,,,,,,,,,,,,,,,,,,,,,,,,,,,,,,,,,,,,,,,,,,,,,,,,,,,,,,,,,,,,,,,,,,,,,,,,,,,,,,,,,,,,,,,,,,,,,,,,,,,,,,,,,,,,,,,,,,,,,,,,,,,,,,,,,,,,,,,,,,,,,,,,,,,,,,,,,,,,,,,,,,,,,,,,,,,0.007,-0.083,-0.069,-0.008,-0.142,-0.002,0.074,-0.043,-0.029,0.024,-0.165,0.035,-0.019,0.025,0.042,0.003,-0.138,-0.057,-0.004,0.077,-0.186,-0.025,-0.043,-0.143,0.096,-0.024,-0.065,-0.006,-0.111,0.009,0.036,0.146,-0.058,-0.049,-0.012,-0.076,-0.033,-0.048,0.099,0.039,-0.097,-0.067,-0.083,0.103,-0.036,-0.024,0.02,-0.179,-0.191,-0.27,-0.016,-0.024,-0.058,-0.078,-0.225,-0.09,-0.172,-0.166,0.104,-0.083,-0.007,0.045,-0.048,0.044,-0.115,0.179
ctx-rh-7Networks_RH_SalVentAttn_Med_4,,,,,,,,,,,,,,,,,,,,,,,,,,,,,,,,,,,,,,,,,,,,,,,,,,,,,,,,,,,,,,,,,,,,,,,,,,,,,,,,,,,,,,,,,,,,,,,,,,,,,,,,,,,,,,,,,,,,,,,,,,,,,,,,,,,,,,,,,,,,,,,,,,,,,,,,,,,,,,,,,,,,,,,,,,,,,,,,,,,,,,,,,,,,,,,,,,,,,,,,,,,,,,,,,,,,,,,,,,,,,,,,,,,,,,,,,,,,-0.054,-0.017,-0.058,-0.107,0.002,-0.037,-0.026,0.1,0.047,-0.081,0.099,-0.018,0.175,0.174,0.075,-0.117,0.077,-0.025,0.063,-0.024,0.067,0.065,-0.044,0.207,0.153,-0.013,0.16,0.052,0.067,0.09,0.1,-0.011,-0.021,0.092,0.102,0.024,-0.0,0.073,0.074,0.031,-0.054,-0.017,-0.017,-0.06,0.003,-0.037,-0.084,-0.119,-0.116,-0.09,-0.036,-0.074,-0.098,-0.123,-0.007,-0.103,-0.005,0.11,0.038,-0.145,-0.054,-0.118,0.03,-0.032,0.052
ctx-rh-7Networks_RH_SalVentAttn_Med_5,,,,,,,,,,,,,,,,,,,,,,,,,,,,,,,,,,,,,,,,,,,,,,,,,,,,,,,,,,,,,,,,,,,,,,,,,,,,,,,,,,,,,,,,,,,,,,,,,,,,,,,,,,,,,,,,,,,,,,,,,,,,,,,,,,,,,,,,,,,,,,,,,,,,,,,,,,,,,,,,,,,,,,,,,,,,,,,,,,,,,,,,,,,,,,,,,,,,,,,,,,,,,,,,,,,,,,,,,,,,,,,,,,,,,,,,,,,,,-0.006,-0.072,-0.061,0.042,-0.036,0.032,0.082,0.052,-0.066,0.029,-0.09,0.051,-0.018,-0.162,-0.155,-0.178,0.036,0.099,-0.069,-0.055,-0.024,-0.103,0.073,0.033,-0.131,-0.05,-0.111,-0.115,-0.014,-0.039,-0.098,-0.112,-0.013,0.085,-0.023,-0.099,0.033,-0.049,-0.09,-0.011,0.031,-0.022,-0.088,-0.031,0.121,-0.095,-0.051,-0.125,-0.026,0.014,-0.12,-0.1,-0.148,0.018,-0.116,-0.12,-0.106,0.109,-0.141,-0.102,-0.163,-0.159,-0.096,-0.039
ctx-rh-7Networks_RH_SalVentAttn_Med_6,,,,,,,,,,,,,,,,,,,,,,,,,,,,,,,,,,,,,,,,,,,,,,,,,,,,,,,,,,,,,,,,,,,,,,,,,,,,,,,,,,,,,,,,,,,,,,,,,,,,,,,,,,,,,,,,,,,,,,,,,,,,,,,,,,,,,,,,,,,,,,,,,,,,,,,,,,,,,,,,,,,,,,,,,,,,,,,,,,,,,,,,,,,,,,,,,,,,,,,,,,,,,,,,,,,,,,,,,,,,,,,,,,,,,,,,,,,,,,-0.11,-0.085,0.026,0.041,0.051,-0.022,0.081,-0.104,0.049,-0.088,-0.005,-0.093,-0.134,-0.077,-0.098,0.019,0.064,-0.139,-0.022,-0.07,-0.127,0.007,-0.07,-0.065,0.007,-0.08,-0.068,-0.131,-0.03,-0.063,-0.099,-0.001,0.109,-0.097,-0.084,0.029,-0.032,-0.122,-0.117,-0.111,-0.0,-0.127,-0.127,-0.038,-0.076,-0.109,-0.167,0.003,0.013,-0.057,-0.103,-0.043,0.009,-0.077,-0.106,-0.059,-0.008,-0.098,-0.163,-0.02,-0.105,-0.097,0.001
ctx-rh-7Networks_RH_Limbic_OFC_1,,,,,,,,,,,,,,,,,,,,,,,,,,,,,,,,,,,,,,,,,,,,,,,,,,,,,,,,,,,,,,,,,,,,,,,,,,,,,,,,,,,,,,,,,,,,,,,,,,,,,,,,,,,,,,,,,,,,,,,,,,,,,,,,,,,,,,,,,,,,,,,,,,,,,,,,,,,,,,,,,,,,,,,,,,,,,,,,,,,,,,,,,,,,,,,,,,,,,,,,,,,,,,,,,,,,,,,,,,,,,,,,,,,,,,,,,,,,,,,-0.096,-0.133,-0.139,-0.145,-0.045,-0.012,-0.083,0.046,0.038,-0.019,-0.004,0.019,0.049,-0.073,-0.078,-0.081,-0.038,-0.027,-0.016,-0.057,-0.021,-0.055,-0.084,-0.009,-0.081,0.025,0.025,0.089,-0.039,-0.142,-0.08,-0.047,-0.14,-0.015,0.028,0.081,-0.016,-0.065,-0.044,-0.112,-0.062,-0.191,-0.126,-0.093,-0.164,-0.075,-0.019,-0.135,-0.087,-0.217,-0.116,-0.127,-0.058,-0.038,0.014,-0.041,0.03,0.092,-0.008,-0.02,0.004,0.0
ctx-rh-7Networks_RH_Limbic_OFC_2,,,,,,,,,,,,,,,,,,,,,,,,,,,,,,,,,,,,,,,,,,,,,,,,,,,,,,,,,,,,,,,,,,,,,,,,,,,,,,,,,,,,,,,,,,,,,,,,,,,,,,,,,,,,,,,,,,,,,,,,,,,,,,,,,,,,,,,,,,,,,,,,,,,,,,,,,,,,,,,,,,,,,,,,,,,,,,,,,,,,,,,,,,,,,,,,,,,,,,,,,,,,,,,,,,,,,,,,,,,,,,,,,,,,,,,,,,,,,,,,-0.051,-0.017,-0.12,-0.122,-0.062,-0.006,0.033,0.036,-0.116,0.019,0.073,0.094,-0.038,0.055,-0.046,0.087,0.079,0.009,0.001,-0.114,-0.098,0.037,0.062,0.074,0.089,-0.089,0.049,-0.152,0.004,-0.131,-0.119,-0.149,0.043,-0.015,0.044,0.019,-0.065,0.089,0.026,0.012,-0.019,-0.019,-0.018,-0.031,-0.032,-0.141,-0.129,-0.158,-0.069,-0.073,-0.127,0.063,0.047,0.005,0.069,0.022,0.023,-0.008,0.048,0.019,0.038
ctx-rh-7Networks_RH_Limbic_OFC_3,,,,,,,,,,,,,,,,,,,,,,,,,,,,,,,,,,,,,,,,,,,,,,,,,,,,,,,,,,,,,,,,,,,,,,,,,,,,,,,,,,,,,,,,,,,,,,,,,,,,,,,,,,,,,,,,,,,,,,,,,,,,,,,,,,,,,,,,,,,,,,,,,,,,,,,,,,,,,,,,,,,,,,,,,,,,,,,,,,,,,,,,,,,,,,,,,,,,,,,,,,,,,,,,,,,,,,,,,,,,,,,,,,,,,,,,,,,,,,,,,-0.031,-0.109,-0.001,-0.027,0.011,-0.022,-0.075,0.009,0.027,0.096,0.114,-0.067,-0.031,0.064,0.148,0.022,0.019,0.1,-0.017,0.075,-0.044,0.1,0.096,0.105,0.034,0.033,-0.074,-0.006,0.022,0.048,-0.006,0.025,0.025,0.123,0.104,-0.013,-0.026,-0.142,-0.109,-0.085,-0.152,-0.087,-0.048,0.064,-0.128,0.053,-0.081,-0.066,0.068,-0.003,0.108,0.067,0.079,0.076,0.107,0.063,0.036,0.041,0.068,0.017
ctx-rh-7Networks_RH_Limbic_OFC_4,,,,,,,,,,,,,,,,,,,,,,,,,,,,,,,,,,,,,,,,,,,,,,,,,,,,,,,,,,,,,,,,,,,,,,,,,,,,,,,,,,,,,,,,,,,,,,,,,,,,,,,,,,,,,,,,,,,,,,,,,,,,,,,,,,,,,,,,,,,,,,,,,,,,,,,,,,,,,,,,,,,,,,,,,,,,,,,,,,,,,,,,,,,,,,,,,,,,,,,,,,,,,,,,,,,,,,,,,,,,,,,,,,,,,,,,,,,,,,,,,,-0.158,-0.152,-0.105,-0.062,-0.085,-0.026,-0.012,-0.136,-0.041,-0.037,-0.006,0.04,0.026,0.027,0.015,0.04,0.111,-0.06,0.047,0.068,0.023,0.013,0.079,0.022,0.055,0.027,0.011,0.023,-0.018,-0.001,-0.036,0.012,-0.044,-0.047,-0.113,-0.112,-0.006,-0.009,-0.07,0.043,-0.06,0.035,0.016,-0.016,-0.143,-0.015,-0.089,0.011,0.019,0.016,0.04,0.014,0.03,0.047,0.053,0.011,0.024,0.01,0.109
ctx-rh-7Networks_RH_Limbic_TempPole_1,,,,,,,,,,,,,,,,,,,,,,,,,,,,,,,,,,,,,,,,,,,,,,,,,,,,,,,,,,,,,,,,,,,,,,,,,,,,,,,,,,,,,,,,,,,,,,,,,,,,,,,,,,,,,,,,,,,,,,,,,,,,,,,,,,,,,,,,,,,,,,,,,,,,,,,,,,,,,,,,,,,,,,,,,,,,,,,,,,,,,,,,,,,,,,,,,,,,,,,,,,,,,,,,,,,,,,,,,,,,,,,,,,,,,,,,,,,,,,,,,,,0.088,0.055,0.062,0.053,-0.085,-0.113,-0.137,-0.064,0.038,-0.02,-0.177,-0.13,-0.176,-0.059,-0.073,0.044,-0.11,0.067,0.005,0.11,0.102,0.096,-0.09,-0.017,-0.1,-0.035,-0.034,-0.048,-0.073,0.023,-0.037,0.045,-0.017,0.01,-0.031,-0.131,0.005,-0.041,0.021,-0.07,-0.1,-0.035,-0.134,-0.068,-0.026,0.039,0.128,0.006,0.1,-0.008,0.08,0.084,-0.075,-0.002,0.041,-0.04,0.051,0.054
ctx-rh-7Networks_RH_Limbic_TempPole_2,,,,,,,,,,,,,,,,,,,,,,,,,,,,,,,,,,,,,,,,,,,,,,,,,,,,,,,,,,,,,,,,,,,,,,,,,,,,,,,,,,,,,,,,,,,,,,,,,,,,,,,,,,,,,,,,,,,,,,,,,,,,,,,,,,,,,,,,,,,,,,,,,,,,,,,,,,,,,,,,,,,,,,,,,,,,,,,,,,,,,,,,,,,,,,,,,,,,,,,,,,,,,,,,,,,,,,,,,,,,,,,,,,,,,,,,,,,,,,,,,,,,-0.021,0.009,0.09,-0.035,-0.082,-0.071,-0.032,0.022,-0.022,-0.125,-0.222,-0.118,-0.077,0.03,0.028,-0.027,0.026,-0.084,0.125,0.074,0.115,-0.02,-0.018,-0.107,-0.002,-0.041,-0.031,-0.118,-0.017,-0.016,0.117,-0.004,-0.022,0.072,-0.082,-0.032,-0.069,0.019,-0.082,-0.112,-0.043,-0.155,-0.138,-0.102,-0.006,-0.011,-0.027,0.133,0.044,0.135,-0.031,0.043,0.075,0.064,0.049,0.016,0.0
ctx-rh-7Networks_RH_Limbic_TempPole_3,,,,,,,,,,,,,,,,,,,,,,,,,,,,,,,,,,,,,,,,,,,,,,,,,,,,,,,,,,,,,,,,,,,,,,,,,,,,,,,,,,,,,,,,,,,,,,,,,,,,,,,,,,,,,,,,,,,,,,,,,,,,,,,,,,,,,,,,,,,,,,,,,,,,,,,,,,,,,,,,,,,,,,,,,,,,,,,,,,,,,,,,,,,,,,,,,,,,,,,,,,,,,,,,,,,,,,,,,,,,,,,,,,,,,,,,,,,,,,,,,,,,,0.066,0.094,-0.102,-0.158,-0.079,-0.007,0.15,-0.001,-0.122,-0.109,-0.139,-0.118,-0.007,0.015,-0.098,-0.111,0.0,0.047,-0.01,0.046,0.003,0.103,-0.032,-0.006,-0.096,-0.08,-0.053,-0.015,-0.04,0.083,-0.028,-0.015,0.008,-0.112,0.031,0.03,0.04,-0.107,-0.134,-0.149,-0.068,0.032,-0.022,-0.027,0.063,-0.019,0.054,0.008,0.03,0.007,-0.026,-0.011,0.107,0.029,0.115,0.099
ctx-rh-7Networks_RH_Limbic_TempPole_4,,,,,,,,,,,,,,,,,,,,,,,,,,,,,,,,,,,,,,,,,,,,,,,,,,,,,,,,,,,,,,,,,,,,,,,,,,,,,,,,,,,,,,,,,,,,,,,,,,,,,,,,,,,,,,,,,,,,,,,,,,,,,,,,,,,,,,,,,,,,,,,,,,,,,,,,,,,,,,,,,,,,,,,,,,,,,,,,,,,,,,,,,,,,,,,,,,,,,,,,,,,,,,,,,,,,,,,,,,,,,,,,,,,,,,,,,,,,,,,,,,,,,,0.031,-0.044,-0.196,-0.211,-0.056,0.117,-0.087,-0.035,-0.086,-0.106,-0.028,-0.174,-0.03,-0.121,-0.033,-0.08,0.071,0.056,0.064,-0.109,0.022,-0.148,-0.15,-0.061,-0.069,-0.136,-0.022,-0.068,0.028,-0.042,0.052,0.115,-0.154,-0.007,-0.013,-0.037,-0.014,-0.027,-0.089,0.025,0.065,-0.038,0.014,0.074,-0.001,0.055,0.031,0.014,-0.027,-0.012,0.031,0.101,-0.087,0.053,-0.105
ctx-rh-7Networks_RH_Limbic_TempPole_5,,,,,,,,,,,,,,,,,,,,,,,,,,,,,,,,,,,,,,,,,,,,,,,,,,,,,,,,,,,,,,,,,,,,,,,,,,,,,,,,,,,,,,,,,,,,,,,,,,,,,,,,,,,,,,,,,,,,,,,,,,,,,,,,,,,,,,,,,,,,,,,,,,,,,,,,,,,,,,,,,,,,,,,,,,,,,,,,,,,,,,,,,,,,,,,,,,,,,,,,,,,,,,,,,,,,,,,,,,,,,,,,,,,,,,,,,,,,,,,,,,,,,,,-0.06,0.01,-0.027,0.006,0.094,0.047,-0.092,-0.138,-0.183,-0.003,0.013,-0.017,-0.03,0.025,-0.095,0.055,0.01,0.049,0.06,0.08,-0.025,-0.075,0.05,0.046,-0.077,-0.111,-0.085,-0.084,-0.098,-0.023,-0.069,-0.242,-0.138,-0.021,-0.056,-0.007,-0.067,-0.058,-0.126,-0.105,-0.007,0.01,-0.07,0.04,0.021,-0.013,0.015,-0.019,0.011,-0.043,-0.077,-0.014,-0.019,0.063
ctx-rh-7Networks_RH_Limbic_TempPole_6,,,,,,,,,,,,,,,,,,,,,,,,,,,,,,,,,,,,,,,,,,,,,,,,,,,,,,,,,,,,,,,,,,,,,,,,,,,,,,,,,,,,,,,,,,,,,,,,,,,,,,,,,,,,,,,,,,,,,,,,,,,,,,,,,,,,,,,,,,,,,,,,,,,,,,,,,,,,,,,,,,,,,,,,,,,,,,,,,,,,,,,,,,,,,,,,,,,,,,,,,,,,,,,,,,,,,,,,,,,,,,,,,,,,,,,,,,,,,,,,,,,,,,,,0.005,-0.0,-0.077,-0.009,-0.048,0.006,0.05,0.016,0.101,0.064,-0.055,0.064,0.04,-0.101,0.076,-0.045,0.018,0.038,0.076,-0.023,-0.055,0.008,-0.003,-0.093,-0.094,0.024,0.046,-0.039,-0.048,0.017,-0.095,-0.159,-0.048,-0.094,0.007,-0.047,-0.138,0.006,-0.054,-0.062,0.014,0.027,0.013,0.015,0.068,-0.015,-0.002,0.005,0.031,-0.01,-0.004,0.018,-0.034
ctx-rh-7Networks_RH_Cont_Par_1,,,,,,,,,,,,,,,,,,,,,,,,,,,,,,,,,,,,,,,,,,,,,,,,,,,,,,,,,,,,,,,,,,,,,,,,,,,,,,,,,,,,,,,,,,,,,,,,,,,,,,,,,,,,,,,,,,,,,,,,,,,,,,,,,,,,,,,,,,,,,,,,,,,,,,,,,,,,,,,,,,,,,,,,,,,,,,,,,,,,,,,,,,,,,,,,,,,,,,,,,,,,,,,,,,,,,,,,,,,,,,,,,,,,,,,,,,,,,,,,,,,,,,,,,-0.166,-0.016,-0.141,-0.142,-0.013,-0.107,-0.113,-0.138,-0.174,-0.114,-0.143,-0.201,0.048,-0.138,-0.102,-0.037,-0.211,-0.045,-0.186,-0.115,-0.296,-0.173,-0.096,0.004,0.07,-0.009,-0.168,-0.07,-0.073,0.087,-0.003,-0.041,0.135,-0.17,-0.154,-0.263,-0.005,-0.05,-0.131,-0.096,-0.145,-0.243,-0.092,-0.145,-0.004,-0.109,0.05,0.116,0.064,-0.048,-0.081,0.073
ctx-rh-7Networks_RH_Cont_Par_2,,,,,,,,,,,,,,,,,,,,,,,,,,,,,,,,,,,,,,,,,,,,,,,,,,,,,,,,,,,,,,,,,,,,,,,,,,,,,,,,,,,,,,,,,,,,,,,,,,,,,,,,,,,,,,,,,,,,,,,,,,,,,,,,,,,,,,,,,,,,,,,,,,,,,,,,,,,,,,,,,,,,,,,,,,,,,,,,,,,,,,,,,,,,,,,,,,,,,,,,,,,,,,,,,,,,,,,,,,,,,,,,,,,,,,,,,,,,,,,,,,,,,,,,,,0.08,-0.047,-0.067,0.044,-0.053,0.025,-0.081,-0.019,0.052,-0.113,-0.248,0.147,-0.155,-0.041,0.052,-0.036,-0.022,0.001,0.099,-0.254,-0.175,-0.208,-0.018,0.056,0.011,-0.116,-0.1,-0.068,0.042,0.053,-0.075,0.095,-0.124,-0.153,-0.183,0.075,0.002,-0.07,-0.092,-0.128,-0.169,-0.05,-0.087,0.007,-0.123,0.161,0.156,0.083,0.008,-0.046,0.021
ctx-rh-7Networks_RH_Cont_Par_3,,,,,,,,,,,,,,,,,,,,,,,,,,,,,,,,,,,,,,,,,,,,,,,,,,,,,,,,,,,,,,,,,,,,,,,,,,,,,,,,,,,,,,,,,,,,,,,,,,,,,,,,,,,,,,,,,,,,,,,,,,,,,,,,,,,,,,,,,,,,,,,,,,,,,,,,,,,,,,,,,,,,,,,,,,,,,,,,,,,,,,,,,,,,,,,,,,,,,,,,,,,,,,,,,,,,,,,,,,,,,,,,,,,,,,,,,,,,,,,,,,,,,,,,,,,-0.002,-0.011,0.108,0.012,0.135,0.017,0.004,0.096,-0.075,-0.066,0.104,-0.099,0.039,-0.003,0.06,-0.006,0.132,0.183,-0.139,-0.168,-0.012,0.071,0.065,0.024,0.032,0.001,-0.002,-0.009,0.022,0.042,0.013,0.09,-0.04,0.034,0.104,0.082,0.076,0.064,0.012,-0.074,0.047,-0.023,0.058,-0.103,0.193,0.14,0.095,0.121,0.062,0.045
ctx-rh-7Networks_RH_Cont_Temp_1,,,,,,,,,,,,,,,,,,,,,,,,,,,,,,,,,,,,,,,,,,,,,,,,,,,,,,,,,,,,,,,,,,,,,,,,,,,,,,,,,,,,,,,,,,,,,,,,,,,,,,,,,,,,,,,,,,,,,,,,,,,,,,,,,,,,,,,,,,,,,,,,,,,,,,,,,,,,,,,,,,,,,,,,,,,,,,,,,,,,,,,,,,,,,,,,,,,,,,,,,,,,,,,,,,,,,,,,,,,,,,,,,,,,,,,,,,,,,,,,,,,,,,,,,,,,-0.105,0.037,-0.004,0.003,-0.153,-0.101,-0.027,-0.182,-0.192,-0.024,-0.101,0.003,0.024,-0.019,-0.008,-0.067,-0.032,-0.181,-0.186,-0.102,-0.013,-0.039,0.028,0.07,0.157,0.144,-0.046,-0.036,0.024,-0.118,0.064,-0.047,-0.044,0.178,0.114,0.05,0.021,-0.006,-0.064,0.042,0.02,-0.012,-0.029,0.11,0.079,0.099,0.016,0.029,-0.073
ctx-rh-7Networks_RH_Cont_PFCv_1,,,,,,,,,,,,,,,,,,,,,,,,,,,,,,,,,,,,,,,,,,,,,,,,,,,,,,,,,,,,,,,,,,,,,,,,,,,,,,,,,,,,,,,,,,,,,,,,,,,,,,,,,,,,,,,,,,,,,,,,,,,,,,,,,,,,,,,,,,,,,,,,,,,,,,,,,,,,,,,,,,,,,,,,,,,,,,,,,,,,,,,,,,,,,,,,,,,,,,,,,,,,,,,,,,,,,,,,,,,,,,,,,,,,,,,,,,,,,,,,,,,,,,,,,,,,,0.004,0.088,0.018,0.124,-0.052,-0.077,-0.075,-0.053,-0.071,-0.004,-0.076,0.023,-0.035,0.125,-0.09,-0.084,-0.127,-0.153,-0.025,0.04,0.147,0.047,-0.049,-0.064,-0.055,0.042,-0.025,-0.157,-0.005,-0.164,-0.104,-0.134,-0.044,0.015,-0.067,-0.04,-0.083,-0.122,0.032,-0.072,0.066,-0.055,0.105,0.061,-0.001,-0.066,0.018,0.05
ctx-rh-7Networks_RH_Cont_PFCl_1,,,,,,,,,,,,,,,,,,,,,,,,,,,,,,,,,,,,,,,,,,,,,,,,,,,,,,,,,,,,,,,,,,,,,,,,,,,,,,,,,,,,,,,,,,,,,,,,,,,,,,,,,,,,,,,,,,,,,,,,,,,,,,,,,,,,,,,,,,,,,,,,,,,,,,,,,,,,,,,,,,,,,,,,,,,,,,,,,,,,,,,,,,,,,,,,,,,,,,,,,,,,,,,,,,,,,,,,,,,,,,,,,,,,,,,,,,,,,,,,,,,,,,,,,,,,,,0.094,0.048,0.07,-0.022,0.022,-0.094,-0.039,0.004,0.073,0.007,0.112,0.057,0.107,-0.046,-0.011,0.033,-0.018,-0.073,0.022,0.082,0.09,0.081,-0.106,-0.002,-0.028,-0.072,-0.144,-0.091,-0.022,-0.06,0.009,0.03,0.008,0.024,0.005,-0.035,-0.002,0.017,0.007,0.033,0.02,0.197,0.145,0.091,0.064,0.062,-0.025
ctx-rh-7Networks_RH_Cont_PFCl_2,,,,,,,,,,,,,,,,,,,,,,,,,,,,,,,,,,,,,,,,,,,,,,,,,,,,,,,,,,,,,,,,,,,,,,,,,,,,,,,,,,,,,,,,,,,,,,,,,,,,,,,,,,,,,,,,,,,,,,,,,,,,,,,,,,,,,,,,,,,,,,,,,,,,,,,,,,,,,,,,,,,,,,,,,,,,,,,,,,,,,,,,,,,,,,,,,,,,,,,,,,,,,,,,,,,,,,,,,,,,,,,,,,,,,,,,,,,,,,,,,,,,,,,,,,,,,,,0.009,-0.06,0.036,0.067,0.012,-0.063,0.09,0.02,0.088,0.19,-0.05,-0.025,-0.07,0.163,0.067,0.027,-0.071,0.014,0.084,0.068,0.033,-0.082,0.024,0.12,0.032,-0.008,0.104,0.004,0.025,0.069,0.153,-0.06,0.099,-0.003,-0.007,0.132,0.101,0.023,0.131,0.209,0.067,0.115,0.041,0.037,-0.043,0.051
ctx-rh-7Networks_RH_Cont_PFCl_3,,,,,,,,,,,,,,,,,,,,,,,,,,,,,,,,,,,,,,,,,,,,,,,,,,,,,,,,,,,,,,,,,,,,,,,,,,,,,,,,,,,,,,,,,,,,,,,,,,,,,,,,,,,,,,,,,,,,,,,,,,,,,,,,,,,,,,,,,,,,,,,,,,,,,,,,,,,,,,,,,,,,,,,,,,,,,,,,,,,,,,,,,,,,,,,,,,,,,,,,,,,,,,,,,,,,,,,,,,,,,,,,,,,,,,,,,,,,,,,,,,,,,,,,,,,,,,,,0.053,0.077,0.171,-0.125,-0.097,0.181,-0.058,0.112,0.093,0.018,0.046,0.042,0.044,-0.079,-0.061,-0.002,0.187,0.077,0.166,0.172,-0.004,0.144,0.115,-0.035,0.009,-0.023,0.024,-0.041,-0.023,0.22,0.107,0.179,0.076,0.135,0.079,0.111,0.089,0.075,-0.023,0.286,0.228,0.307,0.145,0.21,-0.013
ctx-rh-7Networks_RH_Cont_PFCl_4,,,,,,,,,,,,,,,,,,,,,,,,,,,,,,,,,,,,,,,,,,,,,,,,,,,,,,,,,,,,,,,,,,,,,,,,,,,,,,,,,,,,,,,,,,,,,,,,,,,,,,,,,,,,,,,,,,,,,,,,,,,,,,,,,,,,,,,,,,,,,,,,,,,,,,,,,,,,,,,,,,,,,,,,,,,,,,,,,,,,,,,,,,,,,,,,,,,,,,,,,,,,,,,,,,,,,,,,,,,,,,,,,,,,,,,,,,,,,,,,,,,,,,,,,,,,,,,,,-0.061,-0.03,-0.12,-0.02,0.118,-0.18,-0.031,-0.041,0.02,0.063,-0.004,-0.077,-0.087,-0.099,-0.008,0.021,0.012,0.032,-0.046,0.09,0.036,0.118,0.105,-0.024,0.002,0.032,-0.059,-0.041,0.123,0.036,0.156,0.002,0.001,-0.031,-0.02,0.012,-0.033,0.041,0.189,0.113,0.106,0.012,0.077,0.01
ctx-rh-7Networks_RH_Cont_PFCl_5,,,,,,,,,,,,,,,,,,,,,,,,,,,,,,,,,,,,,,,,,,,,,,,,,,,,,,,,,,,,,,,,,,,,,,,,,,,,,,,,,,,,,,,,,,,,,,,,,,,,,,,,,,,,,,,,,,,,,,,,,,,,,,,,,,,,,,,,,,,,,,,,,,,,,,,,,,,,,,,,,,,,,,,,,,,,,,,,,,,,,,,,,,,,,,,,,,,,,,,,,,,,,,,,,,,,,,,,,,,,,,,,,,,,,,,,,,,,,,,,,,,,,,,,,,,,,,,,,,-0.064,-0.13,-0.233,0.064,-0.095,-0.073,0.128,0.021,0.076,-0.091,0.02,-0.105,-0.183,-0.154,-0.045,0.147,0.064,-0.062,-0.021,-0.016,0.093,-0.139,-0.111,-0.049,-0.161,-0.167,-0.241,0.118,0.068,0.055,-0.125,-0.103,-0.059,-0.039,-0.082,0.072,-0.071,0.276,0.236,0.1,0.001,-0.034,0.077
ctx-rh-7Networks_RH_Cont_PFCl_6,,,,,,,,,,,,,,,,,,,,,,,,,,,,,,,,,,,,,,,,,,,,,,,,,,,,,,,,,,,,,,,,,,,,,,,,,,,,,,,,,,,,,,,,,,,,,,,,,,,,,,,,,,,,,,,,,,,,,,,,,,,,,,,,,,,,,,,,,,,,,,,,,,,,,,,,,,,,,,,,,,,,,,,,,,,,,,,,,,,,,,,,,,,,,,,,,,,,,,,,,,,,,,,,,,,,,,,,,,,,,,,,,,,,,,,,,,,,,,,,,,,,,,,,,,,,,,,,,,,-0.118,-0.12,0.055,0.017,0.076,0.088,0.151,0.054,0.069,0.08,-0.107,-0.109,-0.053,0.11,0.053,0.145,0.065,0.068,0.06,0.173,0.024,0.023,-0.019,0.04,-0.122,-0.01,0.113,0.092,0.125,0.047,0.04,-0.007,0.106,-0.038,0.105,-0.025,0.223,0.187,0.249,0.109,0.198,0.012
ctx-rh-7Networks_RH_Cont_PFCl_7,,,,,,,,,,,,,,,,,,,,,,,,,,,,,,,,,,,,,,,,,,,,,,,,,,,,,,,,,,,,,,,,,,,,,,,,,,,,,,,,,,,,,,,,,,,,,,,,,,,,,,,,,,,,,,,,,,,,,,,,,,,,,,,,,,,,,,,,,,,,,,,,,,,,,,,,,,,,,,,,,,,,,,,,,,,,,,,,,,,,,,,,,,,,,,,,,,,,,,,,,,,,,,,,,,,,,,,,,,,,,,,,,,,,,,,,,,,,,,,,,,,,,,,,,,,,,,,,,,,,-0.161,-0.067,-0.075,-0.147,0.055,0.025,0.083,-0.092,-0.089,-0.004,0.006,-0.128,-0.128,0.025,-0.069,-0.163,-0.084,-0.158,0.136,-0.137,-0.174,0.017,-0.218,-0.317,-0.221,0.024,-0.011,-0.022,-0.145,-0.158,-0.046,-0.132,-0.092,0.026,-0.017,0.099,0.084,-0.037,-0.093,-0.118,0.049
ctx-rh-7Networks_RH_Cont_PFCl_8,,,,,,,,,,,,,,,,,,,,,,,,,,,,,,,,,,,,,,,,,,,,,,,,,,,,,,,,,,,,,,,,,,,,,,,,,,,,,,,,,,,,,,,,,,,,,,,,,,,,,,,,,,,,,,,,,,,,,,,,,,,,,,,,,,,,,,,,,,,,,,,,,,,,,,,,,,,,,,,,,,,,,,,,,,,,,,,,,,,,,,,,,,,,,,,,,,,,,,,,,,,,,,,,,,,,,,,,,,,,,,,,,,,,,,,,,,,,,,,,,,,,,,,,,,,,,,,,,,,,,0.019,-0.181,-0.171,-0.041,-0.196,-0.055,-0.216,-0.207,-0.061,0.025,-0.072,-0.059,-0.073,-0.115,-0.155,0.071,0.009,0.189,0.015,-0.092,0.162,-0.009,-0.106,-0.124,0.052,0.008,-0.092,-0.004,-0.011,-0.054,-0.082,-0.077,-0.054,-0.002,0.085,-0.038,-0.024,-0.194,-0.104,0.028
ctx-rh-7Networks_RH_Cont_PFCl_9,,,,,,,,,,,,,,,,,,,,,,,,,,,,,,,,,,,,,,,,,,,,,,,,,,,,,,,,,,,,,,,,,,,,,,,,,,,,,,,,,,,,,,,,,,,,,,,,,,,,,,,,,,,,,,,,,,,,,,,,,,,,,,,,,,,,,,,,,,,,,,,,,,,,,,,,,,,,,,,,,,,,,,,,,,,,,,,,,,,,,,,,,,,,,,,,,,,,,,,,,,,,,,,,,,,,,,,,,,,,,,,,,,,,,,,,,,,,,,,,,,,,,,,,,,,,,,,,,,,,,,0.004,0.132,0.109,0.124,0.132,0.14,0.126,0.003,-0.059,0.03,0.064,0.126,0.118,0.133,-0.098,-0.082,0.004,-0.05,-0.009,-0.086,0.039,-0.031,0.023,0.086,0.043,0.138,-0.004,0.004,0.009,0.084,0.107,0.112,0.027,0.15,0.128,0.134,0.12,0.107,0.059
ctx-rh-7Networks_RH_Cont_PFCl_10,,,,,,,,,,,,,,,,,,,,,,,,,,,,,,,,,,,,,,,,,,,,,,,,,,,,,,,,,,,,,,,,,,,,,,,,,,,,,,,,,,,,,,,,,,,,,,,,,,,,,,,,,,,,,,,,,,,,,,,,,,,,,,,,,,,,,,,,,,,,,,,,,,,,,,,,,,,,,,,,,,,,,,,,,,,,,,,,,,,,,,,,,,,,,,,,,,,,,,,,,,,,,,,,,,,,,,,,,,,,,,,,,,,,,,,,,,,,,,,,,,,,,,,,,,,,,,,,,,,,,,,-0.113,-0.012,-0.099,-0.009,-0.094,0.058,-0.183,-0.06,-0.135,-0.026,-0.005,-0.051,-0.1,0.073,-0.006,0.125,0.064,-0.108,0.028,0.017,-0.119,-0.123,0.097,0.024,-0.054,-0.072,-0.08,-0.064,-0.055,-0.104,-0.019,-0.087,0.09,0.043,0.031,-0.066,-0.057,-0.041
ctx-rh-7Networks_RH_Cont_PFCl_11,,,,,,,,,,,,,,,,,,,,,,,,,,,,,,,,,,,,,,,,,,,,,,,,,,,,,,,,,,,,,,,,,,,,,,,,,,,,,,,,,,,,,,,,,,,,,,,,,,,,,,,,,,,,,,,,,,,,,,,,,,,,,,,,,,,,,,,,,,,,,,,,,,,,,,,,,,,,,,,,,,,,,,,,,,,,,,,,,,,,,,,,,,,,,,,,,,,,,,,,,,,,,,,,,,,,,,,,,,,,,,,,,,,,,,,,,,,,,,,,,,,,,,,,,,,,,,,,,,,,,,,,-0.015,-0.049,-0.062,0.023,0.106,-0.215,-0.11,-0.025,0.122,0.035,0.021,0.108,0.071,0.017,0.083,0.088,0.06,0.021,0.094,-0.02,0.053,0.165,0.206,0.092,-0.012,0.106,-0.04,0.019,0.005,-0.024,-0.031,0.183,0.115,0.165,0.012,0.117,-0.033
ctx-rh-7Networks_RH_Cont_PFCl_12,,,,,,,,,,,,,,,,,,,,,,,,,,,,,,,,,,,,,,,,,,,,,,,,,,,,,,,,,,,,,,,,,,,,,,,,,,,,,,,,,,,,,,,,,,,,,,,,,,,,,,,,,,,,,,,,,,,,,,,,,,,,,,,,,,,,,,,,,,,,,,,,,,,,,,,,,,,,,,,,,,,,,,,,,,,,,,,,,,,,,,,,,,,,,,,,,,,,,,,,,,,,,,,,,,,,,,,,,,,,,,,,,,,,,,,,,,,,,,,,,,,,,,,,,,,,,,,,,,,,,,,,,0.212,0.063,0.231,0.198,0.014,-0.091,-0.04,-0.07,-0.069,-0.051,-0.039,0.039,-0.051,-0.009,0.029,0.005,-0.01,0.021,-0.011,0.08,0.076,0.057,0.105,-0.017,-0.004,0.066,0.042,-0.079,-0.103,-0.061,0.131,0.012,0.041,0.018,0.041,-0.109
ctx-rh-7Networks_RH_Cont_pCun_1,,,,,,,,,,,,,,,,,,,,,,,,,,,,,,,,,,,,,,,,,,,,,,,,,,,,,,,,,,,,,,,,,,,,,,,,,,,,,,,,,,,,,,,,,,,,,,,,,,,,,,,,,,,,,,,,,,,,,,,,,,,,,,,,,,,,,,,,,,,,,,,,,,,,,,,,,,,,,,,,,,,,,,,,,,,,,,,,,,,,,,,,,,,,,,,,,,,,,,,,,,,,,,,,,,,,,,,,,,,,,,,,,,,,,,,,,,,,,,,,,,,,,,,,,,,,,,,,,,,,,,,,,,0.136,-0.066,-0.062,-0.199,-0.035,-0.165,-0.047,0.207,0.043,-0.16,-0.124,-0.112,0.029,0.051,-0.123,-0.006,-0.145,-0.189,-0.163,0.018,-0.014,-0.102,-0.087,-0.13,-0.27,-0.026,-0.102,0.181,-0.075,0.154,0.191,-0.034,-0.031,-0.143,0.035
ctx-rh-7Networks_RH_Cont_pCun_2,,,,,,,,,,,,,,,,,,,,,,,,,,,,,,,,,,,,,,,,,,,,,,,,,,,,,,,,,,,,,,,,,,,,,,,,,,,,,,,,,,,,,,,,,,,,,,,,,,,,,,,,,,,,,,,,,,,,,,,,,,,,,,,,,,,,,,,,,,,,,,,,,,,,,,,,,,,,,,,,,,,,,,,,,,,,,,,,,,,,,,,,,,,,,,,,,,,,,,,,,,,,,,,,,,,,,,,,,,,,,,,,,,,,,,,,,,,,,,,,,,,,,,,,,,,,,,,,,,,,,,,,,,,0.138,0.048,0.045,0.021,-0.116,-0.156,0.088,-0.068,-0.133,0.013,-0.091,-0.041,0.069,-0.082,0.037,0.029,-0.048,0.007,0.068,-0.141,0.018,0.01,-0.107,0.029,-0.055,-0.015,0.025,-0.011,0.1,0.074,-0.051,-0.033,-0.121,-0.088
ctx-rh-7Networks_RH_Cont_Cing_1,,,,,,,,,,,,,,,,,,,,,,,,,,,,,,,,,,,,,,,,,,,,,,,,,,,,,,,,,,,,,,,,,,,,,,,,,,,,,,,,,,,,,,,,,,,,,,,,,,,,,,,,,,,,,,,,,,,,,,,,,,,,,,,,,,,,,,,,,,,,,,,,,,,,,,,,,,,,,,,,,,,,,,,,,,,,,,,,,,,,,,,,,,,,,,,,,,,,,,,,,,,,,,,,,,,,,,,,,,,,,,,,,,,,,,,,,,,,,,,,,,,,,,,,,,,,,,,,,,,,,,,,,,,,-0.096,-0.271,-0.183,-0.032,0.091,0.209,0.111,-0.094,-0.059,-0.001,0.154,0.156,0.048,0.15,-0.173,-0.173,-0.126,0.002,0.042,-0.185,-0.005,-0.112,-0.198,0.039,-0.122,0.255,0.009,0.256,0.239,0.088,-0.005,0.047,0.236
ctx-rh-7Networks_RH_Cont_Cing_2,,,,,,,,,,,,,,,,,,,,,,,,,,,,,,,,,,,,,,,,,,,,,,,,,,,,,,,,,,,,,,,,,,,,,,,,,,,,,,,,,,,,,,,,,,,,,,,,,,,,,,,,,,,,,,,,,,,,,,,,,,,,,,,,,,,,,,,,,,,,,,,,,,,,,,,,,,,,,,,,,,,,,,,,,,,,,,,,,,,,,,,,,,,,,,,,,,,,,,,,,,,,,,,,,,,,,,,,,,,,,,,,,,,,,,,,,,,,,,,,,,,,,,,,,,,,,,,,,,,,,,,,,,,,,-0.146,-0.156,0.033,0.061,0.117,0.118,0.05,-0.019,0.038,0.131,0.008,0.002,-0.017,-0.01,-0.089,-0.1,0.022,0.147,-0.054,-0.073,-0.043,-0.118,0.085,-0.074,0.137,-0.053,0.147,0.173,0.11,0.044,0.055,-0.011
ctx-rh-7Networks_RH_Cont_PFCmp_1,,,,,,,,,,,,,,,,,,,,,,,,,,,,,,,,,,,,,,,,,,,,,,,,,,,,,,,,,,,,,,,,,,,,,,,,,,,,,,,,,,,,,,,,,,,,,,,,,,,,,,,,,,,,,,,,,,,,,,,,,,,,,,,,,,,,,,,,,,,,,,,,,,,,,,,,,,,,,,,,,,,,,,,,,,,,,,,,,,,,,,,,,,,,,,,,,,,,,,,,,,,,,,,,,,,,,,,,,,,,,,,,,,,,,,,,,,,,,,,,,,,,,,,,,,,,,,,,,,,,,,,,,,,,,,-0.079,-0.186,-0.129,0.022,-0.15,-0.302,-0.11,-0.046,0.042,-0.075,-0.198,0.065,-0.155,-0.217,-0.271,0.028,0.03,-0.096,-0.112,-0.168,-0.127,0.011,-0.181,0.111,0.022,0.076,0.09,-0.069,-0.265,-0.178,0.034
ctx-rh-7Networks_RH_Cont_PFCmp_2,,,,,,,,,,,,,,,,,,,,,,,,,,,,,,,,,,,,,,,,,,,,,,,,,,,,,,,,,,,,,,,,,,,,,,,,,,,,,,,,,,,,,,,,,,,,,,,,,,,,,,,,,,,,,,,,,,,,,,,,,,,,,,,,,,,,,,,,,,,,,,,,,,,,,,,,,,,,,,,,,,,,,,,,,,,,,,,,,,,,,,,,,,,,,,,,,,,,,,,,,,,,,,,,,,,,,,,,,,,,,,,,,,,,,,,,,,,,,,,,,,,,,,,,,,,,,,,,,,,,,,,,,,,,,,,0.011,-0.005,-0.025,-0.092,-0.14,0.022,0.019,-0.008,0.018,-0.027,0.158,-0.112,-0.104,-0.142,-0.011,0.011,-0.099,-0.072,-0.08,-0.094,0.026,-0.177,-0.006,0.122,-0.065,0.001,-0.02,-0.247,-0.026,-0.028
ctx-rh-7Networks_RH_Default_Par_1,,,,,,,,,,,,,,,,,,,,,,,,,,,,,,,,,,,,,,,,,,,,,,,,,,,,,,,,,,,,,,,,,,,,,,,,,,,,,,,,,,,,,,,,,,,,,,,,,,,,,,,,,,,,,,,,,,,,,,,,,,,,,,,,,,,,,,,,,,,,,,,,,,,,,,,,,,,,,,,,,,,,,,,,,,,,,,,,,,,,,,,,,,,,,,,,,,,,,,,,,,,,,,,,,,,,,,,,,,,,,,,,,,,,,,,,,,,,,,,,,,,,,,,,,,,,,,,,,,,,,,,,,,,,,,,,0.001,-0.059,-0.047,-0.059,-0.016,-0.06,0.061,-0.018,-0.036,0.086,0.054,0.109,0.08,-0.028,-0.026,-0.089,-0.015,-0.01,-0.161,0.038,0.008,-0.042,-0.003,-0.009,-0.096,0.038,-0.011,-0.035,-0.051
ctx-rh-7Networks_RH_Default_Par_2,,,,,,,,,,,,,,,,,,,,,,,,,,,,,,,,,,,,,,,,,,,,,,,,,,,,,,,,,,,,,,,,,,,,,,,,,,,,,,,,,,,,,,,,,,,,,,,,,,,,,,,,,,,,,,,,,,,,,,,,,,,,,,,,,,,,,,,,,,,,,,,,,,,,,,,,,,,,,,,,,,,,,,,,,,,,,,,,,,,,,,,,,,,,,,,,,,,,,,,,,,,,,,,,,,,,,,,,,,,,,,,,,,,,,,,,,,,,,,,,,,,,,,,,,,,,,,,,,,,,,,,,,,,,,,,,,-0.061,0.016,0.073,0.097,-0.081,-0.062,0.066,0.031,0.011,0.189,0.147,0.221,-0.008,0.044,-0.069,0.071,0.063,-0.072,0.113,0.033,0.011,0.025,0.072,-0.023,0.081,0.029,0.02,-0.13
ctx-rh-7Networks_RH_Default_Par_3,,,,,,,,,,,,,,,,,,,,,,,,,,,,,,,,,,,,,,,,,,,,,,,,,,,,,,,,,,,,,,,,,,,,,,,,,,,,,,,,,,,,,,,,,,,,,,,,,,,,,,,,,,,,,,,,,,,,,,,,,,,,,,,,,,,,,,,,,,,,,,,,,,,,,,,,,,,,,,,,,,,,,,,,,,,,,,,,,,,,,,,,,,,,,,,,,,,,,,,,,,,,,,,,,,,,,,,,,,,,,,,,,,,,,,,,,,,,,,,,,,,,,,,,,,,,,,,,,,,,,,,,,,,,,,,,,,0.051,0.024,-0.035,-0.069,-0.061,0.036,0.075,-0.054,0.091,0.094,0.129,0.018,0.058,0.081,0.085,-0.0,0.041,0.002,-0.027,0.024,-0.046,0.071,0.052,0.04,0.095,0.055,-0.055
ctx-rh-7Networks_RH_Default_Par_4,,,,,,,,,,,,,,,,,,,,,,,,,,,,,,,,,,,,,,,,,,,,,,,,,,,,,,,,,,,,,,,,,,,,,,,,,,,,,,,,,,,,,,,,,,,,,,,,,,,,,,,,,,,,,,,,,,,,,,,,,,,,,,,,,,,,,,,,,,,,,,,,,,,,,,,,,,,,,,,,,,,,,,,,,,,,,,,,,,,,,,,,,,,,,,,,,,,,,,,,,,,,,,,,,,,,,,,,,,,,,,,,,,,,,,,,,,,,,,,,,,,,,,,,,,,,,,,,,,,,,,,,,,,,,,,,,,,0.055,0.092,0.019,-0.014,0.029,-0.022,-0.061,0.148,0.083,0.135,0.102,0.139,0.028,0.087,0.023,-0.037,0.073,-0.027,0.052,-0.014,0.149,0.074,0.076,0.067,-0.017,-0.101
ctx-rh-7Networks_RH_Default_Par_5,,,,,,,,,,,,,,,,,,,,,,,,,,,,,,,,,,,,,,,,,,,,,,,,,,,,,,,,,,,,,,,,,,,,,,,,,,,,,,,,,,,,,,,,,,,,,,,,,,,,,,,,,,,,,,,,,,,,,,,,,,,,,,,,,,,,,,,,,,,,,,,,,,,,,,,,,,,,,,,,,,,,,,,,,,,,,,,,,,,,,,,,,,,,,,,,,,,,,,,,,,,,,,,,,,,,,,,,,,,,,,,,,,,,,,,,,,,,,,,,,,,,,,,,,,,,,,,,,,,,,,,,,,,,,,,,,,,,0.048,0.03,0.102,0.095,-0.036,0.082,0.071,0.053,0.071,0.132,0.174,-0.061,-0.036,0.016,-0.189,0.118,-0.036,0.065,-0.066,0.164,0.041,0.123,0.039,-0.021,-0.077
ctx-rh-7Networks_RH_Default_Temp_1,,,,,,,,,,,,,,,,,,,,,,,,,,,,,,,,,,,,,,,,,,,,,,,,,,,,,,,,,,,,,,,,,,,,,,,,,,,,,,,,,,,,,,,,,,,,,,,,,,,,,,,,,,,,,,,,,,,,,,,,,,,,,,,,,,,,,,,,,,,,,,,,,,,,,,,,,,,,,,,,,,,,,,,,,,,,,,,,,,,,,,,,,,,,,,,,,,,,,,,,,,,,,,,,,,,,,,,,,,,,,,,,,,,,,,,,,,,,,,,,,,,,,,,,,,,,,,,,,,,,,,,,,,,,,,,,,,,,,0.064,-0.23,0.019,-0.079,-0.07,0.08,0.013,0.017,-0.061,-0.045,-0.001,0.025,0.115,-0.109,0.16,0.077,0.065,0.06,-0.038,-0.041,0.111,0.056,0.111,-0.008
ctx-rh-7Networks_RH_Default_Temp_2,,,,,,,,,,,,,,,,,,,,,,,,,,,,,,,,,,,,,,,,,,,,,,,,,,,,,,,,,,,,,,,,,,,,,,,,,,,,,,,,,,,,,,,,,,,,,,,,,,,,,,,,,,,,,,,,,,,,,,,,,,,,,,,,,,,,,,,,,,,,,,,,,,,,,,,,,,,,,,,,,,,,,,,,,,,,,,,,,,,,,,,,,,,,,,,,,,,,,,,,,,,,,,,,,,,,,,,,,,,,,,,,,,,,,,,,,,,,,,,,,,,,,,,,,,,,,,,,,,,,,,,,,,,,,,,,,,,,,,-0.052,-0.028,-0.045,-0.074,0.054,0.125,0.103,0.014,0.038,-0.058,0.02,0.008,0.039,0.046,0.051,-0.045,0.043,0.009,-0.053,0.022,0.019,-0.041,-0.153
ctx-rh-7Networks_RH_Default_Temp_3,,,,,,,,,,,,,,,,,,,,,,,,,,,,,,,,,,,,,,,,,,,,,,,,,,,,,,,,,,,,,,,,,,,,,,,,,,,,,,,,,,,,,,,,,,,,,,,,,,,,,,,,,,,,,,,,,,,,,,,,,,,,,,,,,,,,,,,,,,,,,,,,,,,,,,,,,,,,,,,,,,,,,,,,,,,,,,,,,,,,,,,,,,,,,,,,,,,,,,,,,,,,,,,,,,,,,,,,,,,,,,,,,,,,,,,,,,,,,,,,,,,,,,,,,,,,,,,,,,,,,,,,,,,,,,,,,,,,,,,-0.152,-0.145,-0.216,0.03,0.164,0.138,-0.101,0.008,0.004,-0.0,-0.0,0.083,0.069,0.04,0.016,0.114,-0.066,-0.076,0.009,0.024,0.051,-0.063
ctx-rh-7Networks_RH_Default_Temp_4,,,,,,,,,,,,,,,,,,,,,,,,,,,,,,,,,,,,,,,,,,,,,,,,,,,,,,,,,,,,,,,,,,,,,,,,,,,,,,,,,,,,,,,,,,,,,,,,,,,,,,,,,,,,,,,,,,,,,,,,,,,,,,,,,,,,,,,,,,,,,,,,,,,,,,,,,,,,,,,,,,,,,,,,,,,,,,,,,,,,,,,,,,,,,,,,,,,,,,,,,,,,,,,,,,,,,,,,,,,,,,,,,,,,,,,,,,,,,,,,,,,,,,,,,,,,,,,,,,,,,,,,,,,,,,,,,,,,,,,,-0.038,-0.081,-0.013,0.072,-0.024,-0.052,0.035,0.006,0.075,0.068,-0.126,0.024,0.091,0.038,0.102,-0.038,0.0,0.102,0.074,0.107,0.061
ctx-rh-7Networks_RH_Default_Temp_5,,,,,,,,,,,,,,,,,,,,,,,,,,,,,,,,,,,,,,,,,,,,,,,,,,,,,,,,,,,,,,,,,,,,,,,,,,,,,,,,,,,,,,,,,,,,,,,,,,,,,,,,,,,,,,,,,,,,,,,,,,,,,,,,,,,,,,,,,,,,,,,,,,,,,,,,,,,,,,,,,,,,,,,,,,,,,,,,,,,,,,,,,,,,,,,,,,,,,,,,,,,,,,,,,,,,,,,,,,,,,,,,,,,,,,,,,,,,,,,,,,,,,,,,,,,,,,,,,,,,,,,,,,,,,,,,,,,,,,,,,-0.093,-0.047,-0.029,0.048,-0.04,0.031,-0.095,-0.021,0.023,-0.099,0.055,0.038,0.043,-0.03,0.07,0.05,0.11,0.0,-0.026,-0.041
ctx-rh-7Networks_RH_Default_Temp_6,,,,,,,,,,,,,,,,,,,,,,,,,,,,,,,,,,,,,,,,,,,,,,,,,,,,,,,,,,,,,,,,,,,,,,,,,,,,,,,,,,,,,,,,,,,,,,,,,,,,,,,,,,,,,,,,,,,,,,,,,,,,,,,,,,,,,,,,,,,,,,,,,,,,,,,,,,,,,,,,,,,,,,,,,,,,,,,,,,,,,,,,,,,,,,,,,,,,,,,,,,,,,,,,,,,,,,,,,,,,,,,,,,,,,,,,,,,,,,,,,,,,,,,,,,,,,,,,,,,,,,,,,,,,,,,,,,,,,,,,,,-0.062,0.029,0.024,-0.08,-0.086,0.026,0.002,0.002,0.044,0.001,0.099,0.025,0.135,-0.195,-0.155,-0.036,-0.02,0.015,-0.007
ctx-rh-7Networks_RH_Default_PFCv_1,,,,,,,,,,,,,,,,,,,,,,,,,,,,,,,,,,,,,,,,,,,,,,,,,,,,,,,,,,,,,,,,,,,,,,,,,,,,,,,,,,,,,,,,,,,,,,,,,,,,,,,,,,,,,,,,,,,,,,,,,,,,,,,,,,,,,,,,,,,,,,,,,,,,,,,,,,,,,,,,,,,,,,,,,,,,,,,,,,,,,,,,,,,,,,,,,,,,,,,,,,,,,,,,,,,,,,,,,,,,,,,,,,,,,,,,,,,,,,,,,,,,,,,,,,,,,,,,,,,,,,,,,,,,,,,,,,,,,,,,,,,-0.055,0.024,0.036,-0.018,0.043,-0.014,0.129,0.02,0.2,0.038,0.107,0.017,0.248,0.139,0.263,0.057,0.21,0.012
ctx-rh-7Networks_RH_Default_PFCv_2,,,,,,,,,,,,,,,,,,,,,,,,,,,,,,,,,,,,,,,,,,,,,,,,,,,,,,,,,,,,,,,,,,,,,,,,,,,,,,,,,,,,,,,,,,,,,,,,,,,,,,,,,,,,,,,,,,,,,,,,,,,,,,,,,,,,,,,,,,,,,,,,,,,,,,,,,,,,,,,,,,,,,,,,,,,,,,,,,,,,,,,,,,,,,,,,,,,,,,,,,,,,,,,,,,,,,,,,,,,,,,,,,,,,,,,,,,,,,,,,,,,,,,,,,,,,,,,,,,,,,,,,,,,,,,,,,,,,,,,,,,,,-0.066,0.005,0.098,-0.003,0.071,0.101,-0.111,0.083,0.004,0.061,-0.041,0.155,0.14,0.178,-0.03,0.084,-0.009
ctx-rh-7Networks_RH_Default_PFCv_3,,,,,,,,,,,,,,,,,,,,,,,,,,,,,,,,,,,,,,,,,,,,,,,,,,,,,,,,,,,,,,,,,,,,,,,,,,,,,,,,,,,,,,,,,,,,,,,,,,,,,,,,,,,,,,,,,,,,,,,,,,,,,,,,,,,,,,,,,,,,,,,,,,,,,,,,,,,,,,,,,,,,,,,,,,,,,,,,,,,,,,,,,,,,,,,,,,,,,,,,,,,,,,,,,,,,,,,,,,,,,,,,,,,,,,,,,,,,,,,,,,,,,,,,,,,,,,,,,,,,,,,,,,,,,,,,,,,,,,,,,,,,,0.067,0.178,-0.01,0.074,0.188,-0.118,0.169,0.063,0.097,0.046,0.281,0.204,0.293,0.057,0.212,0.069
ctx-rh-7Networks_RH_Default_PFCdPFCm_1,,,,,,,,,,,,,,,,,,,,,,,,,,,,,,,,,,,,,,,,,,,,,,,,,,,,,,,,,,,,,,,,,,,,,,,,,,,,,,,,,,,,,,,,,,,,,,,,,,,,,,,,,,,,,,,,,,,,,,,,,,,,,,,,,,,,,,,,,,,,,,,,,,,,,,,,,,,,,,,,,,,,,,,,,,,,,,,,,,,,,,,,,,,,,,,,,,,,,,,,,,,,,,,,,,,,,,,,,,,,,,,,,,,,,,,,,,,,,,,,,,,,,,,,,,,,,,,,,,,,,,,,,,,,,,,,,,,,,,,,,,,,,,0.045,-0.142,0.039,-0.008,-0.054,0.109,0.075,0.166,0.104,0.105,0.019,-0.036,0.044,0.053,0.003
ctx-rh-7Networks_RH_Default_PFCdPFCm_2,,,,,,,,,,,,,,,,,,,,,,,,,,,,,,,,,,,,,,,,,,,,,,,,,,,,,,,,,,,,,,,,,,,,,,,,,,,,,,,,,,,,,,,,,,,,,,,,,,,,,,,,,,,,,,,,,,,,,,,,,,,,,,,,,,,,,,,,,,,,,,,,,,,,,,,,,,,,,,,,,,,,,,,,,,,,,,,,,,,,,,,,,,,,,,,,,,,,,,,,,,,,,,,,,,,,,,,,,,,,,,,,,,,,,,,,,,,,,,,,,,,,,,,,,,,,,,,,,,,,,,,,,,,,,,,,,,,,,,,,,,,,,,,0.069,0.095,0.01,-0.004,0.126,0.054,0.077,0.13,-0.022,0.074,0.014,0.121,0.09,-0.022
ctx-rh-7Networks_RH_Default_PFCdPFCm_3,,,,,,,,,,,,,,,,,,,,,,,,,,,,,,,,,,,,,,,,,,,,,,,,,,,,,,,,,,,,,,,,,,,,,,,,,,,,,,,,,,,,,,,,,,,,,,,,,,,,,,,,,,,,,,,,,,,,,,,,,,,,,,,,,,,,,,,,,,,,,,,,,,,,,,,,,,,,,,,,,,,,,,,,,,,,,,,,,,,,,,,,,,,,,,,,,,,,,,,,,,,,,,,,,,,,,,,,,,,,,,,,,,,,,,,,,,,,,,,,,,,,,,,,,,,,,,,,,,,,,,,,,,,,,,,,,,,,,,,,,,,,,,,,0.021,-0.097,-0.132,0.035,-0.022,0.125,0.007,0.079,0.026,-0.097,-0.098,-0.107,0.035
ctx-rh-7Networks_RH_Default_PFCdPFCm_4,,,,,,,,,,,,,,,,,,,,,,,,,,,,,,,,,,,,,,,,,,,,,,,,,,,,,,,,,,,,,,,,,,,,,,,,,,,,,,,,,,,,,,,,,,,,,,,,,,,,,,,,,,,,,,,,,,,,,,,,,,,,,,,,,,,,,,,,,,,,,,,,,,,,,,,,,,,,,,,,,,,,,,,,,,,,,,,,,,,,,,,,,,,,,,,,,,,,,,,,,,,,,,,,,,,,,,,,,,,,,,,,,,,,,,,,,,,,,,,,,,,,,,,,,,,,,,,,,,,,,,,,,,,,,,,,,,,,,,,,,,,,,,,,,0.108,-0.084,0.084,-0.011,0.025,-0.036,0.111,0.035,0.107,0.048,0.101,-0.104
ctx-rh-7Networks_RH_Default_PFCdPFCm_5,,,,,,,,,,,,,,,,,,,,,,,,,,,,,,,,,,,,,,,,,,,,,,,,,,,,,,,,,,,,,,,,,,,,,,,,,,,,,,,,,,,,,,,,,,,,,,,,,,,,,,,,,,,,,,,,,,,,,,,,,,,,,,,,,,,,,,,,,,,,,,,,,,,,,,,,,,,,,,,,,,,,,,,,,,,,,,,,,,,,,,,,,,,,,,,,,,,,,,,,,,,,,,,,,,,,,,,,,,,,,,,,,,,,,,,,,,,,,,,,,,,,,,,,,,,,,,,,,,,,,,,,,,,,,,,,,,,,,,,,,,,,,,,,,,-0.076,0.094,-0.008,-0.006,0.02,0.027,-0.021,0.054,-0.052,0.077,-0.072
ctx-rh-7Networks_RH_Default_PFCdPFCm_6,,,,,,,,,,,,,,,,,,,,,,,,,,,,,,,,,,,,,,,,,,,,,,,,,,,,,,,,,,,,,,,,,,,,,,,,,,,,,,,,,,,,,,,,,,,,,,,,,,,,,,,,,,,,,,,,,,,,,,,,,,,,,,,,,,,,,,,,,,,,,,,,,,,,,,,,,,,,,,,,,,,,,,,,,,,,,,,,,,,,,,,,,,,,,,,,,,,,,,,,,,,,,,,,,,,,,,,,,,,,,,,,,,,,,,,,,,,,,,,,,,,,,,,,,,,,,,,,,,,,,,,,,,,,,,,,,,,,,,,,,,,,,,,,,,,0.032,-0.09,0.139,-0.017,0.012,0.022,-0.039,-0.102,-0.151,0.026
ctx-rh-7Networks_RH_Default_PFCdPFCm_7,,,,,,,,,,,,,,,,,,,,,,,,,,,,,,,,,,,,,,,,,,,,,,,,,,,,,,,,,,,,,,,,,,,,,,,,,,,,,,,,,,,,,,,,,,,,,,,,,,,,,,,,,,,,,,,,,,,,,,,,,,,,,,,,,,,,,,,,,,,,,,,,,,,,,,,,,,,,,,,,,,,,,,,,,,,,,,,,,,,,,,,,,,,,,,,,,,,,,,,,,,,,,,,,,,,,,,,,,,,,,,,,,,,,,,,,,,,,,,,,,,,,,,,,,,,,,,,,,,,,,,,,,,,,,,,,,,,,,,,,,,,,,,,,,,,,0.021,-0.03,-0.042,0.135,0.027,0.129,0.036,0.147,-0.111
ctx-rh-7Networks_RH_Default_PFCdPFCm_8,,,,,,,,,,,,,,,,,,,,,,,,,,,,,,,,,,,,,,,,,,,,,,,,,,,,,,,,,,,,,,,,,,,,,,,,,,,,,,,,,,,,,,,,,,,,,,,,,,,,,,,,,,,,,,,,,,,,,,,,,,,,,,,,,,,,,,,,,,,,,,,,,,,,,,,,,,,,,,,,,,,,,,,,,,,,,,,,,,,,,,,,,,,,,,,,,,,,,,,,,,,,,,,,,,,,,,,,,,,,,,,,,,,,,,,,,,,,,,,,,,,,,,,,,,,,,,,,,,,,,,,,,,,,,,,,,,,,,,,,,,,,,,,,,,,,,-0.039,-0.053,0.1,0.053,0.067,-0.096,0.044,-0.019
ctx-rh-7Networks_RH_Default_PFCdPFCm_9,,,,,,,,,,,,,,,,,,,,,,,,,,,,,,,,,,,,,,,,,,,,,,,,,,,,,,,,,,,,,,,,,,,,,,,,,,,,,,,,,,,,,,,,,,,,,,,,,,,,,,,,,,,,,,,,,,,,,,,,,,,,,,,,,,,,,,,,,,,,,,,,,,,,,,,,,,,,,,,,,,,,,,,,,,,,,,,,,,,,,,,,,,,,,,,,,,,,,,,,,,,,,,,,,,,,,,,,,,,,,,,,,,,,,,,,,,,,,,,,,,,,,,,,,,,,,,,,,,,,,,,,,,,,,,,,,,,,,,,,,,,,,,,,,,,,,,-0.052,0.191,0.084,0.054,0.137,0.071,0.028
ctx-rh-7Networks_RH_Default_PFCdPFCm_10,,,,,,,,,,,,,,,,,,,,,,,,,,,,,,,,,,,,,,,,,,,,,,,,,,,,,,,,,,,,,,,,,,,,,,,,,,,,,,,,,,,,,,,,,,,,,,,,,,,,,,,,,,,,,,,,,,,,,,,,,,,,,,,,,,,,,,,,,,,,,,,,,,,,,,,,,,,,,,,,,,,,,,,,,,,,,,,,,,,,,,,,,,,,,,,,,,,,,,,,,,,,,,,,,,,,,,,,,,,,,,,,,,,,,,,,,,,,,,,,,,,,,,,,,,,,,,,,,,,,,,,,,,,,,,,,,,,,,,,,,,,,,,,,,,,,,,,0.116,-0.011,0.072,-0.05,-0.01,-0.005
ctx-rh-7Networks_RH_Default_pCunPCC_1,,,,,,,,,,,,,,,,,,,,,,,,,,,,,,,,,,,,,,,,,,,,,,,,,,,,,,,,,,,,,,,,,,,,,,,,,,,,,,,,,,,,,,,,,,,,,,,,,,,,,,,,,,,,,,,,,,,,,,,,,,,,,,,,,,,,,,,,,,,,,,,,,,,,,,,,,,,,,,,,,,,,,,,,,,,,,,,,,,,,,,,,,,,,,,,,,,,,,,,,,,,,,,,,,,,,,,,,,,,,,,,,,,,,,,,,,,,,,,,,,,,,,,,,,,,,,,,,,,,,,,,,,,,,,,,,,,,,,,,,,,,,,,,,,,,,,,,,-0.072,0.066,0.226,0.14,-0.073
ctx-rh-7Networks_RH_Default_pCunPCC_2,,,,,,,,,,,,,,,,,,,,,,,,,,,,,,,,,,,,,,,,,,,,,,,,,,,,,,,,,,,,,,,,,,,,,,,,,,,,,,,,,,,,,,,,,,,,,,,,,,,,,,,,,,,,,,,,,,,,,,,,,,,,,,,,,,,,,,,,,,,,,,,,,,,,,,,,,,,,,,,,,,,,,,,,,,,,,,,,,,,,,,,,,,,,,,,,,,,,,,,,,,,,,,,,,,,,,,,,,,,,,,,,,,,,,,,,,,,,,,,,,,,,,,,,,,,,,,,,,,,,,,,,,,,,,,,,,,,,,,,,,,,,,,,,,,,,,,,,,-0.019,0.159,0.033,-0.061
ctx-rh-7Networks_RH_Default_pCunPCC_3,,,,,,,,,,,,,,,,,,,,,,,,,,,,,,,,,,,,,,,,,,,,,,,,,,,,,,,,,,,,,,,,,,,,,,,,,,,,,,,,,,,,,,,,,,,,,,,,,,,,,,,,,,,,,,,,,,,,,,,,,,,,,,,,,,,,,,,,,,,,,,,,,,,,,,,,,,,,,,,,,,,,,,,,,,,,,,,,,,,,,,,,,,,,,,,,,,,,,,,,,,,,,,,,,,,,,,,,,,,,,,,,,,,,,,,,,,,,,,,,,,,,,,,,,,,,,,,,,,,,,,,,,,,,,,,,,,,,,,,,,,,,,,,,,,,,,,,,,,0.045,0.031,-0.093
ctx-rh-7Networks_RH_Default_pCunPCC_4,,,,,,,,,,,,,,,,,,,,,,,,,,,,,,,,,,,,,,,,,,,,,,,,,,,,,,,,,,,,,,,,,,,,,,,,,,,,,,,,,,,,,,,,,,,,,,,,,,,,,,,,,,,,,,,,,,,,,,,,,,,,,,,,,,,,,,,,,,,,,,,,,,,,,,,,,,,,,,,,,,,,,,,,,,,,,,,,,,,,,,,,,,,,,,,,,,,,,,,,,,,,,,,,,,,,,,,,,,,,,,,,,,,,,,,,,,,,,,,,,,,,,,,,,,,,,,,,,,,,,,,,,,,,,,,,,,,,,,,,,,,,,,,,,,,,,,,,,,,-0.028,-0.018
ctx-rh-7Networks_RH_Default_pCunPCC_5,,,,,,,,,,,,,,,,,,,,,,,,,,,,,,,,,,,,,,,,,,,,,,,,,,,,,,,,,,,,,,,,,,,,,,,,,,,,,,,,,,,,,,,,,,,,,,,,,,,,,,,,,,,,,,,,,,,,,,,,,,,,,,,,,,,,,,,,,,,,,,,,,,,,,,,,,,,,,,,,,,,,,,,,,,,,,,,,,,,,,,,,,,,,,,,,,,,,,,,,,,,,,,,,,,,,,,,,,,,,,,,,,,,,,,,,,,,,,,,,,,,,,,,,,,,,,,,,,,,,,,,,,,,,,,,,,,,,,,,,,,,,,,,,,,,,,,,,,,,,-0.098
ctx-rh-7Networks_RH_Default_pCunPCC_6,,,,,,,,,,,,,,,,,,,,,,,,,,,,,,,,,,,,,,,,,,,,,,,,,,,,,,,,,,,,,,,,,,,,,,,,,,,,,,,,,,,,,,,,,,,,,,,,,,,,,,,,,,,,,,,,,,,,,,,,,,,,,,,,,,,,,,,,,,,,,,,,,,,,,,,,,,,,,,,,,,,,,,,,,,,,,,,,,,,,,,,,,,,,,,,,,,,,,,,,,,,,,,,,,,,,,,,,,,,,,,,,,,,,,,,,,,,,,,,,,,,,,,,,,,,,,,,,,,,,,,,,,,,,,,,,,,,,,,,,,,,,,,,,,,,,,,,,,,,,
